0 3 Kirkland 6 10 4 5 9 11 2 3 8 1 7 12 
1 6 Leverett 10 7 3 6 12 11 8 2 4 1 9 5 
2 6 Lowell 1 8 11 10 4 5 6 12 3 7 9 2 
3 4 Currier 8 1 10 2 7 3 11 4 9 12 5 6 
4 6 Quincy 10 11 5 3 1 8 6 9 7 12 4 2 
5 1 Dunster 11 6 3 8 1 2 12 10 9 4 7 5 
6 2 Mather 8 7 11 6 2 5 10 9 4 1 3 12 
7 8 Dunster 5 11 8 6 10 4 1 7 12 2 3 9 
8 1 Eliot 6 12 1 8 9 3 11 2 7 10 5 4 
9 1 Kirkland 7 2 1 8 3 9 4 12 11 10 5 6 
10 8 Adams 4 1 5 10 6 2 12 8 9 11 3 7 
11 6 Winthrop 7 11 2 3 10 6 8 1 5 12 4 9 
12 2 Lowell 3 1 7 10 8 6 5 4 9 2 11 12 
13 2 Eliot 12 9 2 6 11 4 10 7 5 8 1 3 
14 4 Leverett 3 5 6 4 11 7 1 2 10 8 12 9 
15 6 Pfoho 6 5 7 11 8 12 10 1 9 3 4 2 
16 5 Eliot 1 2 7 4 9 10 12 3 8 6 5 11 
17 8 Leverett 7 9 11 12 1 10 4 6 8 5 2 3 
18 5 Pfoho 5 1 11 2 3 6 10 7 9 12 4 8 
19 1 Winthrop 7 1 11 10 2 5 9 8 3 6 4 12 
20 8 Dunster 3 12 7 11 5 2 10 6 9 1 4 8 
21 5 Eliot 5 11 4 6 7 12 3 9 10 8 2 1 
22 4 Currier 2 3 1 8 10 5 11 9 6 12 4 7 
23 4 Winthrop 10 6 11 9 7 3 12 5 8 1 4 2 
24 4 Lowell 8 7 4 2 5 1 9 6 3 10 12 11 
25 3 Quincy 7 2 11 1 8 5 12 10 3 4 6 9 
26 5 Mather 11 9 7 1 2 5 8 6 10 3 4 12 
27 5 Leverett 10 7 1 9 11 8 6 4 5 2 3 12 
28 3 Quincy 12 6 1 5 8 2 3 9 4 11 7 10 
29 6 Cabot 9 7 6 4 11 1 3 2 12 10 8 5 
30 8 Kirkland 11 4 6 9 1 5 12 7 3 10 8 2 
31 5 Adams 10 7 2 12 5 9 4 3 1 6 8 11 
32 8 Leverett 11 5 12 3 2 9 8 7 4 6 10 1 
33 7 Lowell 3 10 7 4 1 5 2 6 11 9 12 8 
34 3 Cabot 11 7 10 4 1 3 8 2 12 6 9 5 
35 8 Dunster 12 4 1 8 9 7 6 10 5 3 11 2 
36 2 Adams 12 8 2 5 6 1 4 9 3 7 11 10 
37 4 Mather 3 5 6 1 4 11 7 9 12 10 8 2 
38 6 Leverett 10 9 3 6 12 5 8 11 1 7 4 2 
39 8 Kirkland 4 12 10 2 8 11 5 6 1 3 7 9 
40 3 Currier 2 7 6 8 10 3 4 12 5 1 9 11 
41 7 Leverett 5 1 11 7 2 3 6 12 10 9 8 4 
42 6 Mather 5 12 10 8 3 4 1 2 7 9 6 11 
43 2 Cabot 4 3 10 6 12 2 1 7 5 9 8 11 
44 3 Currier 2 4 6 3 7 12 9 10 5 1 8 11 
45 4 Currier 1 2 9 12 10 3 6 7 11 4 5 8 
46 6 Quincy 12 4 7 8 2 11 5 6 1 10 3 9 
47 5 Leverett 11 3 7 2 8 5 6 1 4 9 10 12 
48 8 Mather 4 8 9 2 1 10 12 3 6 11 5 7 
49 6 Winthrop 3 1 5 12 8 4 2 11 7 6 9 10 
50 5 Lowell 10 11 9 4 7 8 12 1 2 5 6 3 
51 7 Winthrop 7 12 6 8 9 2 4 11 10 3 1 5 
52 6 Leverett 9 6 2 4 10 12 3 8 11 5 7 1 
53 1 Leverett 7 12 5 1 2 6 10 8 9 11 4 3 
54 1 Leverett 8 5 10 7 11 9 6 4 2 1 12 3 
55 4 Kirkland 1 8 12 5 10 3 9 2 6 11 4 7 
56 4 Cabot 3 10 1 2 8 12 4 11 5 9 7 6 
57 6 Kirkland 12 7 3 9 6 8 11 5 10 2 4 1 
58 3 Cabot 6 4 12 1 10 11 2 3 9 5 7 8 
59 8 Eliot 12 7 5 4 9 10 11 8 6 2 1 3 
60 2 Winthrop 8 10 9 4 7 12 11 3 1 5 2 6 
61 1 Kirkland 4 10 8 12 3 2 6 9 7 1 5 11 
62 8 Quincy 6 11 2 9 12 8 4 1 7 5 3 10 
63 2 Pfoho 9 11 8 3 5 10 4 2 7 12 1 6 
64 1 Cabot 10 8 2 4 3 7 1 11 5 9 6 12 
65 5 Lowell 5 3 8 12 2 4 10 11 6 9 7 1 
66 3 Lowell 11 4 2 9 3 5 6 12 8 7 10 1 
67 8 Lowell 11 9 12 3 4 5 2 7 8 1 6 10 
68 6 Dunster 2 10 6 8 11 7 9 4 3 5 1 12 
69 7 Kirkland 9 2 12 4 10 3 5 8 6 11 1 7 
70 2 Cabot 11 8 2 6 12 7 5 9 10 4 1 3 
71 7 Adams 5 7 8 6 4 12 1 3 10 2 11 9 
72 7 Adams 9 1 5 3 7 2 10 8 6 12 11 4 
73 2 Dunster 3 7 6 10 2 12 8 4 11 9 5 1 
74 3 Currier 1 12 5 3 9 7 2 4 10 11 8 6 
75 5 Pfoho 2 11 6 12 5 9 8 3 1 10 7 4 
76 7 Cabot 8 12 9 11 3 1 5 10 6 7 4 2 
77 8 Eliot 9 11 4 3 12 10 6 5 7 8 2 1 
78 5 Mather 2 7 3 12 10 5 1 11 8 9 4 6 
79 4 Winthrop 8 1 3 12 10 5 7 2 11 6 9 4 
80 1 Kirkland 5 7 10 3 4 1 9 11 6 12 2 8 
81 2 Currier 11 2 1 10 5 4 8 3 7 9 12 6 
82 1 Cabot 9 7 3 1 11 8 4 10 12 5 6 2 
83 2 Winthrop 1 4 9 2 3 12 5 6 7 8 11 10 
84 2 Pfoho 4 5 12 10 6 11 7 2 9 8 1 3 
85 7 Leverett 9 6 7 11 3 4 10 12 8 1 5 2 
86 3 Pfoho 6 4 12 2 11 7 8 5 3 9 10 1 
87 5 Pfoho 9 6 7 2 10 12 4 3 5 1 8 11 
88 7 Winthrop 6 2 7 3 4 8 12 5 11 1 9 10 
89 2 Quincy 2 7 12 3 11 10 5 1 8 4 6 9 
90 1 Quincy 7 8 12 5 4 3 10 11 1 2 9 6 
91 1 Adams 5 3 1 2 9 11 4 10 7 6 8 12 
92 5 Pfoho 10 3 11 7 2 5 8 1 6 4 9 12 
93 7 Kirkland 1 8 11 2 12 9 3 6 5 7 4 10 
94 3 Mather 10 1 3 8 4 2 6 5 12 11 7 9 
95 3 Cabot 10 12 7 5 8 11 9 4 6 1 2 3 
96 1 Lowell 12 10 7 2 8 5 4 11 6 3 1 9 
97 6 Lowell 5 4 1 7 9 10 8 2 12 3 6 11 
98 5 Leverett 8 2 3 7 10 1 5 9 4 11 12 6 
99 8 Winthrop 5 3 12 4 8 9 11 2 7 10 6 1 
100 5 Kirkland 9 10 4 12 3 6 7 11 2 5 1 8 
101 7 Leverett 1 2 10 9 5 3 7 6 11 8 12 4 
102 8 Winthrop 8 2 3 1 9 11 12 4 7 5 10 6 
103 7 Quincy 12 6 3 4 1 11 9 5 8 10 2 7 
104 2 Adams 4 5 2 9 8 1 11 12 7 10 3 6 
105 6 Mather 3 12 5 9 8 1 7 4 6 2 11 10 
106 1 Winthrop 9 1 3 12 11 7 10 8 5 4 6 2 
107 4 Adams 3 4 12 6 11 1 7 8 5 9 10 2 
108 7 Eliot 3 6 4 1 10 5 11 12 7 8 9 2 
109 7 Leverett 1 6 12 9 10 4 8 7 3 11 2 5 
110 4 Dunster 12 9 3 7 2 4 8 10 11 5 1 6 
111 7 Adams 3 10 7 11 9 6 5 12 4 8 2 1 
112 7 Currier 9 4 10 3 5 8 2 7 11 1 6 12 
113 7 Winthrop 4 10 11 2 9 12 5 7 6 8 3 1 
114 4 Adams 11 7 6 2 1 10 8 9 12 5 3 4 
115 1 Eliot 8 9 10 11 3 1 7 5 12 2 6 4 
116 1 Winthrop 8 12 3 10 7 6 5 11 4 9 2 1 
117 8 Winthrop 2 3 8 7 10 1 6 5 9 12 11 4 
118 8 Adams 10 12 11 5 2 9 3 6 7 8 1 4 
119 7 Lowell 2 7 1 10 4 6 9 3 12 8 11 5 
120 6 Cabot 4 9 10 2 8 1 5 11 7 12 6 3 
121 4 Cabot 8 12 5 7 3 1 2 10 6 11 4 9 
122 8 Currier 11 3 10 4 6 5 12 1 9 2 7 8 
123 7 Dunster 7 3 12 2 6 1 5 10 4 9 11 8 
124 5 Quincy 10 11 2 8 6 7 4 9 12 3 1 5 
125 5 Lowell 4 6 10 5 3 1 12 8 7 2 9 11 
126 7 Pfoho 7 4 3 6 11 9 2 5 12 10 1 8 
127 8 Cabot 8 12 11 1 7 10 3 6 2 4 5 9 
128 3 Dunster 8 6 12 2 9 3 10 1 7 4 11 5 
129 2 Quincy 2 12 7 6 4 10 3 8 9 1 11 5 
130 4 Lowell 5 6 12 9 3 8 2 1 11 4 10 7 
131 5 Currier 12 11 3 1 6 8 5 2 9 10 4 7 
132 2 Kirkland 11 7 5 10 8 6 3 1 12 4 2 9 
133 2 Cabot 10 4 5 11 6 12 8 1 9 2 7 3 
134 5 Winthrop 10 11 2 6 4 8 12 5 7 1 9 3 
135 3 Cabot 10 1 5 11 2 8 3 6 9 7 12 4 
136 4 Mather 5 8 9 12 2 3 1 11 6 4 7 10 
137 3 Winthrop 4 9 7 3 8 2 11 12 1 6 5 10 
138 3 Winthrop 2 7 1 4 12 10 5 9 8 11 3 6 
139 5 Quincy 10 1 9 3 4 5 2 6 12 8 7 11 
140 6 Eliot 1 10 8 12 2 6 11 3 5 9 7 4 
141 6 Quincy 1 4 5 3 11 10 7 9 6 8 2 12 
142 6 Currier 5 4 3 7 6 8 1 2 12 10 11 9 
143 8 Kirkland 5 4 9 11 1 3 6 2 12 8 10 7 
144 4 Quincy 10 9 6 5 11 2 4 8 7 12 3 1 
145 7 Lowell 10 5 6 4 1 8 3 11 12 7 9 2 
146 5 Leverett 5 12 4 10 1 7 6 11 2 8 3 9 
147 2 Kirkland 9 10 3 5 12 4 7 11 2 6 1 8 
148 5 Pfoho 7 5 10 11 3 8 4 1 6 2 9 12 
149 1 Dunster 6 5 2 10 4 9 1 12 8 11 3 7 
