0 7 Lowell 4 10 5 11 12 9 1 6 8 3 2 7 
1 8 Quincy 3 12 6 10 7 4 11 5 1 9 8 2 
2 5 Kirkland 12 8 11 4 6 3 2 10 9 1 7 5 
3 1 Leverett 7 6 12 9 4 5 8 3 11 1 2 10 
4 1 Adams 2 4 6 7 5 3 11 8 10 12 1 9 
5 5 Dunster 6 3 11 8 10 9 5 12 4 2 1 7 
6 5 Winthrop 11 4 5 1 3 9 8 10 6 2 7 12 
7 5 Adams 8 12 3 1 5 10 11 2 4 9 6 7 
8 5 Cabot 11 9 4 6 12 7 10 3 8 1 2 5 
9 7 Currier 5 12 3 7 4 2 6 1 9 8 10 11 
10 4 Kirkland 7 3 2 11 9 12 1 10 4 8 6 5 
11 2 Mather 12 10 2 5 9 11 6 1 7 3 4 8 
12 3 Dunster 3 1 2 4 7 12 9 11 6 5 10 8 
13 5 Kirkland 11 1 7 9 6 4 3 10 8 2 5 12 
14 5 Cabot 2 11 12 9 4 7 8 5 1 10 6 3 
15 7 Dunster 4 10 9 8 3 12 5 7 2 1 6 11 
16 3 Leverett 6 11 3 8 4 7 9 12 1 2 10 5 
17 6 Mather 8 2 3 12 7 1 5 6 9 10 11 4 
18 5 Lowell 12 7 11 5 3 1 4 8 9 10 2 6 
19 1 Winthrop 1 11 5 3 9 10 12 2 4 6 8 7 
20 7 Quincy 8 5 6 1 10 2 3 11 12 7 4 9 
21 3 Lowell 2 1 6 4 10 7 3 12 8 9 5 11 
22 7 Dunster 3 5 1 11 8 7 10 4 12 9 6 2 
23 6 Quincy 12 2 11 4 1 3 8 10 6 7 5 9 
24 7 Quincy 5 12 9 1 8 4 11 2 10 6 7 3 
25 5 Quincy 9 3 10 1 6 7 4 5 12 11 8 2 
26 7 Kirkland 12 3 1 9 11 8 2 6 5 7 4 10 
27 2 Pfoho 1 3 2 6 8 4 7 10 12 11 5 9 
28 7 Currier 12 4 7 9 1 2 3 10 8 5 6 11 
29 2 Leverett 7 2 3 5 1 10 4 11 6 9 8 12 
30 5 Eliot 9 12 6 3 1 11 8 2 10 4 5 7 
31 2 Cabot 11 12 1 2 8 9 5 4 3 6 10 7 
32 7 Leverett 6 2 1 3 11 8 5 9 10 4 12 7 
33 1 Quincy 4 7 9 12 5 2 11 1 10 8 6 3 
34 5 Eliot 10 3 8 4 9 11 7 2 5 6 1 12 
35 7 Dunster 7 11 10 9 4 6 2 12 3 5 1 8 
36 5 Mather 11 3 1 12 9 8 5 4 6 7 2 10 
37 5 Adams 5 6 8 1 2 12 11 4 10 7 3 9 
38 1 Winthrop 7 12 11 8 6 9 10 4 2 1 3 5 
39 6 Eliot 4 1 9 7 2 8 10 3 12 6 5 11 
40 2 Pfoho 5 8 6 1 9 12 7 10 11 2 4 3 
41 1 Quincy 8 5 10 11 7 3 12 2 1 6 9 4 
42 5 Quincy 10 8 7 12 6 1 3 4 2 11 5 9 
43 1 Lowell 3 6 2 7 4 5 1 11 9 10 12 8 
44 3 Cabot 1 11 12 6 5 4 9 10 7 8 2 3 
45 5 Cabot 12 11 6 10 4 3 9 5 7 2 8 1 
46 1 Dunster 12 9 1 2 6 7 4 8 5 3 10 11 
47 4 Mather 5 11 3 9 6 12 8 2 4 10 7 1 
48 5 Pfoho 12 2 4 8 3 1 7 9 6 5 10 11 
49 8 Eliot 4 11 1 12 6 2 8 3 9 7 5 10 
50 4 Adams 11 8 12 6 7 1 9 10 2 5 4 3 
51 3 Leverett 3 6 2 10 8 1 11 9 4 12 5 7 
52 6 Kirkland 4 1 8 5 11 2 7 12 3 9 6 10 
53 8 Leverett 5 10 1 9 7 3 11 6 2 4 12 8 
54 1 Currier 2 9 7 10 5 1 11 4 3 6 12 8 
55 3 Cabot 4 9 5 7 10 3 2 6 12 8 11 1 
56 4 Cabot 8 12 3 7 1 5 4 6 11 2 9 10 
57 5 Lowell 2 11 3 1 12 7 10 5 9 6 8 4 
58 6 Eliot 4 5 10 11 3 9 7 6 12 2 1 8 
59 1 Dunster 7 8 6 3 11 5 9 12 10 4 2 1 
60 8 Winthrop 2 10 4 6 5 11 3 12 7 1 9 8 
61 4 Winthrop 12 9 1 6 10 3 11 7 5 4 2 8 
62 4 Cabot 10 9 1 7 4 8 3 6 11 2 12 5 
63 3 Lowell 10 11 8 5 7 1 6 2 3 12 9 4 
64 5 Quincy 1 12 4 11 2 10 8 7 3 5 9 6 
65 1 Kirkland 8 4 2 12 11 7 9 6 5 10 3 1 
66 6 Dunster 10 5 6 2 8 12 7 9 4 11 3 1 
67 1 Mather 5 8 6 4 7 11 2 9 12 10 3 1 
68 7 Leverett 5 12 7 11 9 2 3 10 4 1 6 8 
69 8 Lowell 9 3 6 12 11 7 4 5 2 8 10 1 
70 2 Dunster 10 3 8 1 4 7 6 12 2 9 11 5 
71 4 Lowell 10 12 7 3 5 9 8 4 2 11 6 1 
72 3 Quincy 9 2 8 11 4 12 1 10 3 5 6 7 
73 4 Eliot 1 2 10 8 3 12 4 7 6 9 11 5 
74 4 Winthrop 2 3 4 8 10 7 11 1 12 5 9 6 
75 1 Mather 10 6 11 3 7 8 2 12 5 4 1 9 
76 7 Kirkland 9 8 1 5 10 3 11 6 4 7 2 12 
77 5 Mather 5 8 7 2 1 4 12 10 6 9 11 3 
78 3 Dunster 9 2 3 7 1 10 6 4 5 11 8 12 
79 7 Pfoho 9 7 10 11 8 5 3 1 4 12 2 6 
80 2 Currier 6 3 10 1 12 7 9 4 5 11 2 8 
81 2 Pfoho 8 4 10 3 12 9 1 6 5 11 7 2 
82 5 Winthrop 1 6 11 5 3 2 8 12 10 4 9 7 
83 4 Currier 9 2 4 12 3 1 10 5 8 11 7 6 
84 1 Currier 1 11 9 8 2 10 5 7 4 6 3 12 
85 1 Quincy 5 10 8 6 12 1 7 3 2 4 11 9 
86 5 Leverett 12 11 9 6 5 4 2 1 8 3 10 7 
87 8 Quincy 8 4 6 1 7 2 11 12 9 3 5 10 
88 3 Quincy 1 8 5 4 7 11 2 10 12 9 6 3 
89 2 Dunster 5 6 9 11 1 12 8 4 2 7 10 3 
90 7 Kirkland 1 12 3 8 9 10 7 2 6 4 5 11 
91 4 Pfoho 2 6 8 3 9 5 1 12 4 10 7 11 
92 2 Adams 9 3 7 10 2 11 4 5 12 8 1 6 
93 4 Cabot 3 12 7 9 11 4 10 5 1 8 2 6 
94 1 Adams 4 9 6 5 12 8 1 2 7 10 11 3 
95 3 Leverett 5 1 2 7 3 10 11 9 12 8 6 4 
96 6 Lowell 6 10 5 11 12 3 2 4 7 9 1 8 
97 4 Quincy 5 3 2 6 12 10 7 4 11 9 1 8 
98 2 Adams 10 8 11 7 5 9 12 6 3 2 1 4 
99 3 Leverett 8 11 7 10 12 1 2 9 3 6 5 4 
100 2 Eliot 1 9 8 4 3 5 2 10 7 6 12 11 
101 1 Cabot 8 9 5 10 3 4 6 1 7 12 2 11 
102 1 Cabot 1 12 5 6 11 10 4 9 2 8 3 7 
103 8 Dunster 7 2 4 5 8 9 12 6 3 11 1 10 
104 1 Pfoho 8 7 6 2 10 11 12 9 4 5 1 3 
105 6 Adams 9 5 4 2 6 3 1 12 7 8 11 10 
106 4 Quincy 9 2 7 4 6 8 12 3 5 10 11 1 
107 2 Kirkland 4 6 1 11 3 8 2 9 10 12 7 5 
108 5 Winthrop 5 7 2 3 8 10 6 9 4 11 1 12 
109 3 Lowell 11 2 3 6 10 5 4 12 7 9 1 8 
110 3 Dunster 9 6 10 12 7 11 8 5 2 3 4 1 
111 7 Dunster 4 7 1 3 10 6 12 9 5 11 8 2 
112 8 Cabot 6 3 7 11 5 9 4 12 1 8 10 2 
113 2 Eliot 8 5 3 9 6 10 2 11 7 1 12 4 
114 8 Winthrop 4 2 9 11 10 3 7 12 5 8 1 6 
115 5 Cabot 3 7 10 4 6 5 2 8 1 9 12 11 
116 7 Winthrop 12 10 7 4 8 9 6 5 2 11 3 1 
117 3 Winthrop 3 9 10 11 2 7 6 5 12 4 1 8 
118 4 Leverett 2 9 8 6 4 1 12 10 7 11 3 5 
119 8 Leverett 1 8 3 12 9 4 10 6 7 11 5 2 
120 8 Currier 3 11 2 10 5 8 12 9 1 4 7 6 
121 3 Currier 9 2 8 12 3 10 11 5 7 1 6 4 
122 6 Eliot 1 2 7 4 5 9 3 6 12 10 8 11 
123 4 Lowell 5 11 10 2 7 8 3 4 1 12 6 9 
124 6 Kirkland 8 6 3 12 10 5 11 4 2 7 1 9 
125 1 Dunster 5 9 3 12 1 6 8 4 2 7 11 10 
126 3 Currier 12 6 5 2 11 1 10 7 8 9 4 3 
127 4 Lowell 5 1 6 3 2 9 12 4 11 7 8 10 
128 8 Winthrop 10 1 11 6 8 7 3 12 9 5 4 2 
129 5 Currier 3 12 1 4 2 5 8 9 10 11 7 6 
130 7 Quincy 12 4 8 9 1 5 2 6 3 11 10 7 
131 4 Cabot 3 7 2 9 10 12 6 11 1 5 4 8 
132 1 Mather 8 9 6 1 11 12 2 3 5 7 10 4 
133 1 Lowell 7 10 8 4 9 2 6 5 12 1 3 11 
134 6 Dunster 9 11 5 4 2 12 3 10 8 7 1 6 
135 5 Leverett 2 7 9 5 11 12 8 4 3 6 10 1 
136 4 Dunster 7 4 2 6 10 12 5 3 8 9 11 1 
137 2 Adams 9 3 11 10 4 8 7 6 2 1 5 12 
138 3 Mather 11 9 5 8 6 2 10 4 3 1 12 7 
139 3 Pfoho 12 5 9 6 2 1 11 3 8 4 7 10 
140 1 Mather 7 5 10 3 11 6 9 12 1 8 4 2 
141 3 Pfoho 3 6 12 8 7 10 4 2 1 11 9 5 
142 8 Currier 1 11 6 7 8 2 9 3 10 5 4 12 
143 7 Pfoho 10 11 6 4 12 8 7 1 9 3 2 5 
144 7 Cabot 1 9 5 10 2 12 3 7 11 8 4 6 
145 4 Dunster 1 9 3 6 8 11 4 5 12 10 2 7 
146 2 Lowell 4 1 10 5 9 6 2 12 8 7 11 3 
147 7 Lowell 12 6 2 4 8 11 7 3 1 9 10 5 
148 5 Eliot 9 3 11 2 12 1 7 6 4 10 8 5 
149 2 Currier 8 11 12 2 9 3 7 5 6 10 1 4 
