0 6 ['Adams'] 3 10 4 2 12 6 5 1 8 11 9 7 
1 4 ['Adams'] 11 3 1 10 6 4 5 2 7 9 8 12 
2 8 ['Winthrop'] 11 3 7 6 9 2 4 5 12 1 8 10 
3 8 ['Kirkland'] 1 12 5 3 7 6 10 11 2 9 8 4 
4 3 ['Adams'] 4 6 9 10 8 1 11 3 5 7 12 2 
5 3 ['Quincy'] 3 7 8 6 1 12 5 4 10 9 11 2 
6 3 ['Adams'] 10 3 5 8 1 7 4 2 9 12 11 6 
7 4 ['Currier'] 8 1 6 4 9 11 2 5 12 7 10 3 
8 5 ['Lowell'] 10 4 7 6 8 5 9 3 12 1 2 11 
9 1 ['Eliot'] 6 1 9 2 10 3 11 5 4 12 8 7 
10 1 ['Pfoho'] 11 10 9 2 12 4 3 5 6 1 7 8 
11 7 ['Cabot'] 8 1 6 12 3 5 2 11 9 10 7 4 
12 8 ['Pfoho'] 6 11 10 12 3 7 8 2 4 1 9 5 
13 8 ['Currier'] 2 11 9 10 7 5 6 4 12 8 1 3 
14 8 ['Kirkland'] 2 11 9 12 4 1 10 6 8 7 5 3 
15 2 ['Pfoho'] 5 10 1 9 2 4 12 3 6 11 8 7 
16 8 ['Dunster'] 12 10 11 9 5 4 6 8 3 2 1 7 
17 1 ['Lowell'] 1 8 12 6 3 4 2 11 7 10 9 5 
18 4 ['Cabot'] 3 8 12 11 10 9 1 5 4 7 2 6 
19 2 ['Cabot'] 3 1 2 10 8 9 12 4 5 7 6 11 
20 1 ['Kirkland'] 2 10 5 8 7 12 1 6 4 9 11 3 
21 5 ['Eliot'] 2 8 12 10 11 9 5 4 3 1 7 6 
22 6 ['Cabot'] 4 10 9 12 8 11 2 1 7 5 3 6 
23 6 ['Cabot'] 1 2 7 12 11 4 9 10 6 8 5 3 
24 5 ['Cabot'] 8 11 3 9 1 10 6 2 7 5 4 12 
25 5 ['Adams'] 4 7 1 12 8 6 11 2 10 9 3 5 
26 5 ['Kirkland'] 1 8 11 2 9 5 6 3 4 10 12 7 
27 6 ['Mather'] 3 11 1 12 2 8 9 6 10 5 7 4 
28 2 ['Lowell'] 3 5 6 8 9 12 11 7 1 4 2 10 
29 1 ['Adams'] 3 6 10 7 8 4 5 2 11 9 1 12 
30 5 ['Winthrop'] 1 3 8 5 6 11 4 10 2 9 7 12 
31 6 ['Currier'] 7 8 4 2 9 11 6 3 1 5 12 10 
32 4 ['Quincy'] 3 10 9 12 2 7 8 6 1 4 5 11 
33 7 ['Currier'] 11 9 3 12 6 10 5 7 1 8 2 4 
34 3 ['Quincy'] 5 12 4 11 2 1 3 6 9 10 8 7 
35 2 ['Leverett'] 4 9 12 7 10 3 11 2 8 6 1 5 
36 2 ['Eliot'] 10 3 9 11 12 6 7 8 1 2 4 5 
37 2 ['Lowell'] 9 11 10 1 8 4 12 2 5 6 3 7 
38 8 ['Adams'] 6 7 5 4 1 8 9 12 2 3 11 10 
39 7 ['Mather'] 9 3 1 4 7 8 10 5 6 12 2 11 
40 4 ['Adams'] 2 6 10 11 8 3 7 1 12 9 5 4 
41 6 ['Adams'] 12 7 10 5 1 8 9 4 3 11 2 6 
42 8 ['Quincy'] 5 12 1 4 2 8 11 9 10 3 6 7 
43 8 ['Mather'] 12 11 5 1 6 4 2 7 8 9 10 3 
44 2 ['Cabot'] 7 8 4 5 10 6 12 9 2 3 11 1 
45 8 ['Eliot'] 1 4 11 6 7 3 2 5 9 8 10 12 
46 3 ['Adams'] 7 11 2 12 10 5 1 6 3 4 8 9 
47 8 ['Eliot'] 11 5 4 1 3 12 10 7 8 2 9 6 
48 3 ['Mather'] 5 4 3 8 10 2 1 9 7 11 6 12 
49 3 ['Pfoho'] 5 6 12 2 4 8 1 10 11 3 9 7 
50 5 ['Mather'] 7 5 10 9 2 3 12 8 4 11 6 1 
51 4 ['Quincy'] 1 11 10 12 6 5 3 4 9 2 7 8 
52 4 ['Mather'] 11 9 6 8 12 1 2 10 4 5 3 7 
53 2 ['Kirkland'] 1 7 11 10 6 2 3 12 4 8 5 9 
54 8 ['Winthrop'] 2 5 3 9 4 11 10 7 6 1 8 12 
55 4 ['Lowell'] 4 8 2 5 6 9 1 7 11 3 10 12 
56 3 ['Leverett'] 10 9 7 5 12 6 2 3 8 11 1 4 
57 5 ['Dunster'] 4 5 2 9 12 11 10 7 3 6 1 8 
58 4 ['Dunster'] 6 8 4 2 5 10 7 1 3 11 12 9 
59 1 ['Kirkland'] 5 10 8 6 4 1 11 9 12 2 7 3 
60 2 ['Winthrop'] 9 6 2 12 3 7 5 1 11 10 8 4 
61 3 ['Leverett'] 9 7 11 12 8 6 1 3 5 4 2 10 
62 8 ['Winthrop'] 6 5 4 7 12 3 8 2 9 10 1 11 
63 3 ['Leverett'] 11 12 5 10 1 4 7 8 2 6 9 3 
64 4 ['Cabot'] 9 2 3 11 8 6 4 10 12 1 7 5 
65 7 ['Leverett'] 4 5 6 2 1 11 3 7 9 10 8 12 
66 5 ['Currier'] 7 10 11 2 9 5 8 6 12 4 3 1 
67 8 ['Quincy'] 1 6 10 4 7 9 12 11 8 5 3 2 
68 3 ['Lowell'] 8 4 10 1 3 6 2 11 5 9 12 7 
69 5 ['Pfoho'] 5 6 3 2 9 7 1 4 12 8 11 10 
70 7 ['Cabot'] 5 2 11 4 10 1 7 6 3 9 12 8 
71 3 ['Cabot'] 12 4 6 3 5 8 11 9 10 1 2 7 
72 5 ['Currier'] 12 5 6 1 8 2 11 10 9 4 7 3 
73 4 ['Currier'] 6 4 8 7 5 11 12 9 3 2 1 10 
74 2 ['Cabot'] 9 4 5 10 1 6 3 8 11 7 12 2 
75 8 ['Pfoho'] 11 8 3 10 9 2 7 6 12 5 1 4 
76 2 ['Kirkland'] 2 8 12 9 10 1 6 7 11 3 5 4 
77 3 ['Lowell'] 8 3 11 5 9 10 1 7 2 4 6 12 
78 5 ['Pfoho'] 7 3 6 1 9 5 8 12 2 11 10 4 
79 5 ['Dunster'] 12 10 3 1 7 6 11 9 4 8 5 2 
80 3 ['Leverett'] 10 6 1 3 8 11 5 2 4 7 12 9 
81 7 ['Winthrop'] 9 2 8 11 10 6 3 5 4 12 1 7 
82 2 ['Dunster'] 1 8 3 5 6 12 10 2 9 4 11 7 
83 8 ['Quincy'] 2 9 4 5 6 11 7 3 10 12 8 1 
84 5 ['Adams'] 1 8 12 4 2 10 6 3 5 11 7 9 
85 7 ['Leverett'] 11 3 12 4 10 6 2 5 9 7 1 8 
86 2 ['Winthrop'] 8 3 1 11 6 4 2 12 10 9 5 7 
87 5 ['Kirkland'] 10 4 8 6 1 11 2 7 5 12 3 9 
88 4 ['Kirkland'] 3 1 2 12 10 11 5 7 9 8 6 4 
89 5 ['Adams'] 9 11 7 2 10 4 6 8 3 12 5 1 
90 4 ['Currier'] 8 12 11 1 3 6 2 9 5 7 10 4 
91 7 ['Pfoho'] 1 9 7 8 11 3 4 5 2 6 10 12 
92 3 ['Mather'] 3 1 10 8 2 6 9 11 4 7 12 5 
93 2 ['Winthrop'] 7 1 8 11 4 6 5 2 3 9 12 10 
94 3 ['Adams'] 9 8 4 12 5 6 3 10 1 7 11 2 
95 8 ['Quincy'] 11 12 4 8 9 6 1 5 3 7 10 2 
96 5 ['Adams'] 3 10 1 6 5 8 9 7 11 4 12 2 
97 5 ['Currier'] 4 2 1 5 7 10 3 9 8 12 6 11 
98 1 ['Eliot'] 6 4 9 3 1 8 5 2 11 12 7 10 
99 1 ['Lowell'] 8 11 3 2 10 6 1 7 4 5 12 9 
100 8 ['Lowell'] 7 2 11 6 12 10 9 1 5 3 4 8 
101 7 ['Winthrop'] 12 9 3 10 4 11 7 2 8 5 6 1 
102 4 ['Mather'] 8 2 10 7 5 11 1 6 12 9 3 4 
103 4 ['Winthrop'] 11 4 1 10 7 6 8 2 9 3 12 5 
104 7 ['Quincy'] 3 6 5 9 11 1 2 12 7 10 8 4 
105 7 ['Cabot'] 3 9 5 4 11 7 6 1 2 8 10 12 
106 4 ['Quincy'] 7 2 4 8 6 12 10 9 3 11 1 5 
107 5 ['Mather'] 8 7 9 12 11 5 3 10 4 1 2 6 
108 3 ['Leverett'] 3 2 5 8 4 7 9 11 1 12 6 10 
109 1 ['Currier'] 3 5 11 10 6 1 12 7 2 9 4 8 
110 2 ['Eliot'] 7 4 2 12 8 1 5 6 3 10 11 9 
111 4 ['Leverett'] 7 9 2 10 6 8 12 3 5 1 4 11 
112 5 ['Quincy'] 3 12 10 7 11 6 9 8 4 5 2 1 
113 6 ['Eliot'] 9 12 1 5 3 8 2 11 6 7 10 4 
114 4 ['Quincy'] 2 1 6 8 10 4 9 7 5 12 11 3 
115 1 ['Mather'] 4 11 6 12 5 8 3 9 2 1 7 10 
116 7 ['Kirkland'] 10 12 8 5 9 11 2 1 3 4 6 7 
117 7 ['Winthrop'] 8 1 7 5 3 4 12 2 11 9 10 6 
118 8 ['Quincy'] 7 8 2 3 6 5 9 12 1 10 11 4 
119 8 ['Dunster'] 12 2 3 4 7 1 6 8 11 9 5 10 
120 3 ['Cabot'] 5 12 10 3 11 9 1 6 8 7 4 2 
121 2 ['Lowell'] 2 7 8 9 12 4 6 1 10 5 3 11 
122 1 ['Kirkland'] 11 2 5 8 6 7 12 4 1 10 3 9 
123 6 ['Pfoho'] 8 11 4 9 3 7 1 2 5 10 12 6 
124 5 ['Quincy'] 6 8 7 5 9 10 2 12 11 3 4 1 
125 7 ['Eliot'] 7 8 6 9 4 1 12 3 5 11 2 10 
126 5 ['Leverett'] 9 3 6 8 12 7 10 4 11 1 2 5 
127 7 ['Quincy'] 10 9 1 12 7 11 5 6 4 3 2 8 
128 3 ['Quincy'] 5 8 11 7 3 12 6 10 2 4 9 1 
129 1 ['Eliot'] 11 4 9 10 1 12 6 7 2 3 8 5 
130 3 ['Leverett'] 6 12 10 7 9 5 8 2 3 4 1 11 
131 2 ['Dunster'] 12 7 3 1 6 10 9 4 11 2 5 8 
132 7 ['Eliot'] 7 10 3 11 8 2 9 6 4 5 1 12 
133 5 ['Pfoho'] 5 7 3 9 12 4 10 2 11 8 6 1 
134 2 ['Eliot'] 8 9 3 1 12 7 4 2 10 11 6 5 
135 5 ['Kirkland'] 10 6 7 2 11 9 1 3 8 5 4 12 
136 3 ['Cabot'] 11 12 6 5 1 8 9 2 3 7 10 4 
137 6 ['Cabot'] 11 4 5 6 3 7 9 8 10 1 2 12 
138 5 ['Adams'] 1 6 2 7 9 3 12 4 10 11 8 5 
139 7 ['Quincy'] 6 7 9 12 5 1 3 4 8 10 2 11 
140 4 ['Leverett'] 3 5 11 8 4 1 12 10 9 7 6 2 
141 1 ['Cabot'] 1 5 10 2 11 12 3 9 7 8 4 6 
142 6 ['Lowell'] 6 7 1 10 2 11 4 12 5 3 9 8 
143 6 ['Adams'] 6 1 10 12 5 7 8 9 3 2 11 4 
144 8 ['Quincy'] 3 5 12 8 1 7 6 4 9 10 11 2 
145 6 ['Currier'] 12 10 7 9 5 2 4 1 11 3 6 8 
146 1 ['Mather'] 5 10 9 4 7 1 3 11 8 2 12 6 
147 5 ['Cabot'] 4 9 5 6 2 7 11 10 12 1 8 3 
148 2 ['Mather'] 2 1 12 7 9 5 8 4 11 3 10 6 
149 5 ['Eliot'] 3 1 4 7 8 9 6 2 5 12 10 11 
150 7 ['Currier'] 5 8 9 2 4 6 12 11 7 1 3 10 
151 6 ['Leverett'] 7 8 5 2 9 3 1 6 4 11 10 12 
152 2 ['Dunster'] 8 3 6 5 11 7 12 9 10 1 4 2 
153 1 ['Adams'] 8 4 7 11 3 12 5 10 2 6 9 1 
154 3 ['Lowell'] 9 10 11 12 5 8 7 3 2 4 1 6 
155 4 ['Adams'] 1 3 12 8 5 4 11 2 10 6 7 9 
156 7 ['Adams'] 7 10 9 1 2 5 8 6 11 4 12 3 
157 8 ['Winthrop'] 7 8 2 1 9 4 12 5 10 6 3 11 
158 4 ['Currier'] 2 7 4 9 6 11 3 1 12 5 10 8 
159 1 ['Kirkland'] 3 10 1 4 8 9 12 7 2 5 11 6 
160 4 ['Kirkland'] 12 7 6 5 1 11 2 3 10 9 8 4 
161 5 ['Kirkland'] 1 5 12 11 7 9 8 6 4 10 3 2 
162 8 ['Eliot'] 9 2 1 12 10 6 7 8 11 5 4 3 
163 6 ['Cabot'] 8 3 11 2 7 10 9 5 6 1 12 4 
164 8 ['Kirkland'] 11 2 4 10 9 8 12 3 1 5 7 6 
165 2 ['Adams'] 1 3 12 7 5 2 10 6 4 9 8 11 
166 5 ['Lowell'] 10 9 7 1 3 5 6 8 12 4 11 2 
167 8 ['Dunster'] 5 11 1 7 10 3 8 12 6 2 4 9 
168 8 ['Cabot'] 10 6 5 1 4 12 9 8 11 7 2 3 
169 8 ['Kirkland'] 2 12 6 4 10 3 11 5 7 9 8 1 
170 2 ['Lowell'] 11 1 10 7 2 8 12 5 3 9 4 6 
171 3 ['Leverett'] 12 10 5 4 7 6 8 3 9 11 1 2 
172 1 ['Eliot'] 5 6 9 3 10 2 1 12 4 8 7 11 
173 3 ['Cabot'] 1 5 6 12 10 2 8 9 4 11 7 3 
174 2 ['Eliot'] 7 12 11 10 5 1 4 6 2 9 8 3 
175 8 ['Cabot'] 4 7 9 1 12 8 2 10 11 5 3 6 
176 6 ['Pfoho'] 3 6 8 9 2 10 5 7 4 1 11 12 
177 5 ['Kirkland'] 7 3 4 9 10 1 11 12 5 6 8 2 
178 8 ['Winthrop'] 12 5 11 7 4 9 3 6 10 8 2 1 
179 2 ['Cabot'] 6 3 2 1 5 7 9 10 12 11 8 4 
180 2 ['Pfoho'] 5 4 8 11 12 3 2 1 9 7 10 6 
181 2 ['Adams'] 4 9 3 12 10 7 11 1 8 6 5 2 
182 5 ['Currier'] 12 6 5 7 2 3 9 10 11 8 4 1 
183 1 ['Lowell'] 12 2 10 7 5 6 9 11 1 8 3 4 
184 4 ['Lowell'] 1 9 12 3 5 8 4 6 2 7 11 10 
185 2 ['Currier'] 8 4 9 3 6 5 11 10 7 2 12 1 
186 8 ['Kirkland'] 6 3 1 2 8 11 12 10 5 7 4 9 
187 6 ['Winthrop'] 3 5 8 6 1 11 7 4 12 2 10 9 
188 7 ['Pfoho'] 6 3 10 9 11 8 5 4 7 1 12 2 
189 5 ['Lowell'] 3 5 2 11 10 9 12 6 7 1 8 4 
190 2 ['Leverett'] 12 7 8 5 9 1 11 6 4 3 2 10 
191 4 ['Leverett'] 9 2 8 10 11 5 12 3 1 4 7 6 
192 6 ['Leverett'] 10 1 5 2 4 3 8 9 6 11 7 12 
193 3 ['Lowell'] 11 4 8 3 10 6 7 2 9 1 12 5 
194 6 ['Cabot'] 12 2 7 11 5 6 3 9 8 4 1 10 
195 1 ['Pfoho'] 7 4 11 12 2 9 8 1 3 10 5 6 
196 7 ['Pfoho'] 2 10 12 9 6 7 1 5 4 8 11 3 
197 1 ['Leverett'] 7 3 10 6 8 2 1 5 12 9 11 4 
198 4 ['Kirkland'] 3 2 12 11 6 8 4 7 5 1 10 9 
199 5 ['Dunster'] 7 10 11 1 5 8 9 4 3 6 12 2 
200 6 ['Winthrop'] 2 4 10 12 1 9 5 3 8 11 6 7 
201 7 ['Winthrop'] 12 1 7 5 11 10 9 4 3 8 2 6 
202 8 ['Currier'] 4 2 6 10 9 12 3 8 11 5 7 1 
203 5 ['Leverett'] 12 3 8 5 10 1 9 4 7 11 6 2 
204 8 ['Pfoho'] 1 6 11 10 4 12 9 2 7 3 8 5 
205 3 ['Lowell'] 7 11 2 6 9 5 1 8 12 3 4 10 
206 6 ['Kirkland'] 5 6 11 7 3 9 1 2 12 4 8 10 
207 4 ['Mather'] 2 12 6 7 5 3 11 10 8 1 9 4 
208 3 ['Winthrop'] 6 2 8 3 12 4 9 11 10 5 1 7 
209 6 ['Cabot'] 2 5 4 3 8 10 11 1 7 9 6 12 
210 1 ['Lowell'] 10 6 12 7 3 1 8 2 11 9 4 5 
211 7 ['Adams'] 5 8 9 11 6 3 1 4 12 2 10 7 
212 2 ['Dunster'] 4 3 1 7 12 6 5 9 2 8 11 10 
213 2 ['Quincy'] 6 12 1 7 11 5 8 10 9 2 3 4 
214 3 ['Lowell'] 3 10 8 12 7 1 9 5 6 2 4 11 
215 5 ['Lowell'] 5 7 12 3 1 8 4 9 11 10 2 6 
216 2 ['Eliot'] 1 4 8 5 10 3 12 7 11 2 6 9 
217 3 ['Mather'] 4 12 11 7 9 8 5 1 6 10 2 3 
218 2 ['Quincy'] 1 10 5 2 9 3 12 11 6 7 8 4 
219 3 ['Quincy'] 4 5 6 2 12 10 9 7 3 8 11 1 
220 4 ['Cabot'] 1 11 12 10 4 9 7 5 6 2 8 3 
221 8 ['Mather'] 10 11 9 4 6 2 5 1 8 7 3 12 
222 6 ['Quincy'] 12 3 4 1 11 8 5 6 2 9 10 7 
223 8 ['Quincy'] 4 8 10 3 1 5 9 7 2 12 6 11 
224 7 ['Pfoho'] 5 11 1 9 6 12 3 8 2 10 4 7 
225 3 ['Adams'] 3 5 7 8 12 10 6 4 9 11 2 1 
226 5 ['Currier'] 11 9 6 7 3 10 1 2 8 4 12 5 
227 4 ['Adams'] 4 5 8 10 9 3 11 6 7 12 1 2 
228 8 ['Quincy'] 12 10 2 9 11 1 6 4 7 3 8 5 
229 7 ['Kirkland'] 11 9 10 12 4 2 3 5 7 8 1 6 
230 2 ['Pfoho'] 11 7 12 8 1 2 6 5 9 3 4 10 
231 7 ['Dunster'] 1 4 6 11 8 12 3 10 7 2 9 5 
232 2 ['Mather'] 9 6 10 3 11 8 4 5 12 7 1 2 
233 3 ['Dunster'] 8 5 3 12 2 7 6 11 4 1 9 10 
234 8 ['Kirkland'] 10 3 12 1 5 11 2 9 8 7 4 6 
235 7 ['Leverett'] 12 4 3 11 9 8 7 1 6 2 5 10 
236 2 ['Dunster'] 12 10 5 6 8 2 7 11 9 1 4 3 
237 8 ['Currier'] 2 10 8 7 4 6 12 5 1 11 9 3 
238 6 ['Quincy'] 3 10 8 9 1 6 4 5 12 2 11 7 
239 2 ['Winthrop'] 8 5 6 3 2 4 1 7 11 9 12 10 
240 1 ['Currier'] 10 5 12 4 1 11 3 6 8 9 7 2 
241 5 ['Adams'] 7 1 9 4 2 6 8 5 12 10 3 11 
242 2 ['Kirkland'] 3 6 9 4 12 7 1 11 5 10 2 8 
243 2 ['Lowell'] 12 1 9 5 4 6 10 11 7 8 2 3 
244 3 ['Quincy'] 5 10 7 11 2 12 9 6 8 4 1 3 
245 8 ['Mather'] 4 11 7 8 12 3 6 9 5 2 1 10 
246 7 ['Dunster'] 9 11 10 2 8 6 3 12 5 7 1 4 
247 7 ['Pfoho'] 1 6 3 9 12 7 2 11 4 10 8 5 
248 7 ['Lowell'] 1 9 4 3 10 7 6 8 2 5 11 12 
249 7 ['Currier'] 10 12 2 7 8 9 3 5 1 11 4 6 
250 5 ['Pfoho'] 5 3 12 6 4 8 1 2 7 11 9 10 
251 7 ['Adams'] 1 3 6 8 7 4 11 5 2 12 9 10 
252 8 ['Dunster'] 5 11 4 2 3 6 8 10 9 1 12 7 
253 3 ['Mather'] 3 5 2 11 12 6 8 4 10 1 9 7 
254 6 ['Pfoho'] 9 4 5 11 3 10 7 2 12 1 8 6 
255 6 ['Pfoho'] 11 9 6 7 12 5 2 4 8 3 10 1 
256 4 ['Adams'] 6 11 4 3 10 5 8 1 7 9 2 12 
257 4 ['Kirkland'] 1 3 4 11 9 2 8 5 7 12 10 6 
258 4 ['Currier'] 10 6 9 8 11 5 2 4 7 12 1 3 
259 2 ['Adams'] 3 11 2 4 1 8 10 6 7 5 9 12 
260 1 ['Winthrop'] 7 5 3 11 9 6 10 1 8 12 4 2 
261 6 ['Adams'] 10 9 11 5 4 2 6 8 12 3 7 1 
262 7 ['Lowell'] 7 6 9 12 10 5 1 4 11 8 2 3 
263 8 ['Cabot'] 6 2 12 7 5 10 1 9 4 11 8 3 
264 3 ['Cabot'] 3 5 4 12 1 6 7 10 11 2 8 9 
265 7 ['Pfoho'] 1 2 3 5 7 10 9 6 12 4 11 8 
266 6 ['Leverett'] 4 11 6 8 10 7 2 12 1 3 9 5 
267 6 ['Cabot'] 9 10 7 4 8 6 12 3 2 5 1 11 
268 8 ['Cabot'] 3 5 10 11 6 12 2 4 9 8 7 1 
269 3 ['Dunster'] 5 4 10 6 2 9 1 11 7 3 8 12 
270 4 ['Pfoho'] 3 7 12 9 1 11 5 2 10 8 6 4 
271 6 ['Lowell'] 6 10 5 7 8 2 1 9 12 3 11 4 
272 6 ['Adams'] 11 7 5 12 3 9 4 6 8 1 10 2 
273 6 ['Leverett'] 10 8 3 6 1 4 5 7 12 11 2 9 
274 1 ['Winthrop'] 2 6 11 5 12 4 3 10 8 9 1 7 
275 7 ['Winthrop'] 8 1 5 2 6 11 3 12 4 9 7 10 
276 8 ['Dunster'] 1 2 11 4 9 7 8 10 12 6 5 3 
277 7 ['Mather'] 12 4 3 7 11 6 2 10 5 9 8 1 
278 7 ['Pfoho'] 11 1 10 7 3 5 9 4 8 12 2 6 
279 8 ['Dunster'] 9 8 6 7 11 2 4 12 5 3 10 1 
280 4 ['Kirkland'] 9 11 10 8 3 1 4 12 5 6 2 7 
281 5 ['Winthrop'] 8 1 2 10 12 4 6 9 3 5 11 7 
282 4 ['Lowell'] 8 7 11 9 5 1 4 12 2 10 3 6 
283 1 ['Dunster'] 4 2 5 11 6 9 8 10 1 3 7 12 
284 3 ['Pfoho'] 8 7 9 4 6 12 1 2 5 11 10 3 
285 5 ['Kirkland'] 9 2 12 11 5 3 10 4 7 6 8 1 
286 8 ['Lowell'] 4 3 8 5 7 10 12 6 1 11 9 2 
287 1 ['Kirkland'] 9 4 8 11 3 12 6 2 7 5 1 10 
288 3 ['Adams'] 7 12 11 3 5 9 2 6 1 10 8 4 
289 3 ['Pfoho'] 11 3 1 10 2 12 5 6 7 4 8 9 
290 6 ['Dunster'] 8 3 6 9 2 5 12 4 7 10 1 11 
291 3 ['Quincy'] 10 11 9 1 6 3 4 8 2 12 7 5 
292 6 ['Adams'] 4 1 11 6 8 5 9 12 7 3 2 10 
293 1 ['Quincy'] 1 10 11 7 8 5 6 4 2 9 3 12 
294 6 ['Lowell'] 11 4 2 7 8 5 10 9 1 12 3 6 
295 6 ['Quincy'] 11 5 3 12 1 6 2 8 9 10 7 4 
296 7 ['Pfoho'] 8 11 4 1 9 12 2 3 10 7 6 5 
297 7 ['Dunster'] 12 5 11 7 2 9 1 6 3 4 10 8 
298 7 ['Adams'] 9 11 8 6 5 4 10 1 7 3 2 12 
299 5 ['Pfoho'] 12 6 9 10 4 1 2 3 11 7 8 5 
300 1 ['Pfoho'] 12 6 1 9 7 10 4 2 3 11 5 8 
301 2 ['Dunster'] 12 10 2 9 7 1 11 8 5 6 4 3 
302 1 ['Mather'] 6 10 4 1 8 12 3 11 7 9 2 5 
303 2 ['Eliot'] 2 1 6 12 5 8 4 3 11 9 10 7 
304 6 ['Quincy'] 10 2 5 7 3 6 1 9 12 4 8 11 
305 6 ['Mather'] 8 11 6 3 4 1 12 10 7 9 2 5 
306 2 ['Pfoho'] 1 6 8 10 9 7 4 3 11 2 12 5 
307 4 ['Currier'] 2 4 10 8 5 1 9 7 11 3 6 12 
308 6 ['Cabot'] 1 2 11 6 12 4 9 5 8 7 10 3 
309 3 ['Lowell'] 2 9 4 1 3 10 8 11 5 6 7 12 
310 6 ['Lowell'] 9 8 5 11 1 10 2 4 12 3 7 6 
311 2 ['Currier'] 10 3 8 5 6 11 12 9 7 2 4 1 
312 7 ['Winthrop'] 11 7 2 6 12 1 3 8 4 9 10 5 
313 5 ['Pfoho'] 8 12 7 5 2 6 1 9 11 10 4 3 
314 5 ['Kirkland'] 2 10 12 8 6 3 5 7 11 1 4 9 
315 5 ['Cabot'] 5 8 11 9 6 10 7 2 1 12 3 4 
316 5 ['Mather'] 7 6 1 3 11 4 10 9 12 5 2 8 
317 4 ['Kirkland'] 9 1 6 7 11 5 12 10 4 8 2 3 
318 4 ['Eliot'] 11 3 9 6 1 12 8 2 5 7 10 4 
319 7 ['Cabot'] 9 1 2 8 6 7 5 12 11 3 4 10 
320 3 ['Kirkland'] 5 11 1 12 3 2 6 4 10 8 7 9 
321 1 ['Winthrop'] 1 7 3 8 6 4 11 5 10 9 12 2 
322 1 ['Pfoho'] 8 10 6 4 7 2 12 5 11 3 1 9 
323 5 ['Eliot'] 11 5 4 6 7 1 12 10 3 2 9 8 
324 1 ['Winthrop'] 8 9 11 12 7 4 6 3 2 5 10 1 
325 5 ['Leverett'] 5 12 10 11 1 7 8 9 6 3 2 4 
326 8 ['Pfoho'] 12 7 8 3 9 5 11 1 10 4 2 6 
327 5 ['Winthrop'] 6 2 5 4 9 8 1 12 10 11 7 3 
328 5 ['Lowell'] 2 8 10 1 9 11 3 4 7 12 5 6 
329 5 ['Mather'] 11 2 10 9 5 12 8 7 1 4 3 6 
330 1 ['Winthrop'] 3 9 2 4 10 5 8 7 1 12 6 11 
331 6 ['Quincy'] 6 8 1 5 7 10 4 9 11 2 3 12 
332 2 ['Kirkland'] 3 4 7 11 9 5 12 1 2 8 10 6 
333 5 ['Mather'] 9 1 5 12 7 8 6 3 10 2 11 4 
334 5 ['Lowell'] 12 10 11 9 8 4 7 2 6 5 1 3 
335 5 ['Dunster'] 12 2 8 10 9 3 4 1 6 7 11 5 
336 4 ['Eliot'] 6 12 1 8 10 5 3 7 2 4 11 9 
337 2 ['Quincy'] 7 11 2 9 5 4 12 6 8 1 3 10 
338 4 ['Cabot'] 6 11 8 4 2 12 7 10 1 9 5 3 
339 1 ['Dunster'] 6 5 11 9 2 10 8 4 12 7 1 3 
340 8 ['Pfoho'] 11 1 6 3 5 8 10 7 2 9 4 12 
341 7 ['Currier'] 8 3 9 5 4 7 10 1 12 2 6 11 
342 5 ['Leverett'] 11 5 12 1 9 8 2 6 7 4 3 10 
343 1 ['Dunster'] 9 8 10 6 1 12 5 4 11 7 3 2 
344 8 ['Eliot'] 12 11 9 1 7 4 5 2 3 10 6 8 
345 8 ['Pfoho'] 12 1 4 6 7 11 9 8 3 10 5 2 
346 6 ['Quincy'] 5 12 8 6 9 11 4 10 3 1 7 2 
347 7 ['Eliot'] 5 4 8 2 6 11 10 1 3 9 7 12 
348 6 ['Cabot'] 4 1 3 6 8 12 2 9 7 11 5 10 
349 4 ['Dunster'] 4 3 11 6 8 1 9 5 10 2 7 12 
350 2 ['Kirkland'] 4 10 9 5 11 8 2 7 6 12 3 1 
351 3 ['Quincy'] 4 3 8 1 7 5 2 6 12 11 9 10 
352 8 ['Adams'] 10 12 6 2 3 7 11 9 4 8 1 5 
353 4 ['Quincy'] 7 2 10 4 8 5 12 9 11 3 1 6 
354 7 ['Lowell'] 9 7 10 8 11 2 12 4 3 6 1 5 
355 1 ['Quincy'] 10 6 8 7 5 12 3 2 1 9 11 4 
356 8 ['Mather'] 11 10 9 1 4 2 3 7 6 5 8 12 
357 3 ['Leverett'] 12 9 7 4 11 3 2 10 1 5 6 8 
358 5 ['Quincy'] 4 9 1 7 2 10 8 3 11 6 12 5 
359 2 ['Cabot'] 11 12 3 7 5 8 2 10 9 6 1 4 
360 7 ['Lowell'] 10 7 11 3 1 8 9 6 2 4 5 12 
361 6 ['Kirkland'] 2 4 9 1 12 11 8 6 5 3 10 7 
362 2 ['Leverett'] 11 2 10 3 4 7 9 5 8 6 12 1 
363 7 ['Currier'] 8 4 7 10 2 1 3 11 12 5 9 6 
364 2 ['Leverett'] 1 7 11 3 6 12 2 10 9 5 8 4 
365 8 ['Dunster'] 8 1 4 2 10 3 6 11 7 5 12 9 
366 4 ['Leverett'] 6 10 4 12 7 9 3 11 1 5 8 2 
367 4 ['Eliot'] 11 6 3 1 4 7 8 2 12 5 9 10 
368 7 ['Mather'] 10 2 4 11 6 3 5 8 9 1 7 12 
369 4 ['Eliot'] 8 3 12 5 6 2 10 1 7 9 4 11 
370 2 ['Cabot'] 6 1 3 11 7 5 8 10 12 9 4 2 
371 4 ['Leverett'] 11 7 3 10 12 6 4 9 2 5 8 1 
372 6 ['Dunster'] 5 6 10 8 9 3 2 1 7 11 4 12 
373 4 ['Pfoho'] 7 8 9 1 12 6 2 3 5 4 11 10 
374 7 ['Dunster'] 1 4 8 11 9 12 2 5 10 3 6 7 
375 7 ['Currier'] 12 11 8 5 1 4 2 10 7 6 9 3 
376 7 ['Winthrop'] 3 1 4 5 8 2 10 9 6 11 7 12 
377 5 ['Adams'] 3 4 11 5 9 12 2 7 10 6 8 1 
378 1 ['Kirkland'] 9 8 3 11 7 10 4 5 2 1 6 12 
379 2 ['Dunster'] 11 9 5 7 6 8 10 12 1 3 4 2 
380 7 ['Quincy'] 3 12 9 4 7 6 10 2 5 11 8 1 
381 8 ['Quincy'] 10 1 6 3 8 12 5 9 11 4 7 2 
382 4 ['Eliot'] 8 2 6 9 11 12 7 5 4 1 3 10 
383 8 ['Eliot'] 12 10 3 7 6 1 4 9 2 11 5 8 
384 8 ['Cabot'] 5 9 10 11 6 7 1 8 4 12 3 2 
385 5 ['Cabot'] 11 8 5 6 7 9 1 4 3 12 2 10 
386 4 ['Quincy'] 12 10 1 2 4 6 7 8 11 5 3 9 
387 8 ['Pfoho'] 9 1 6 3 4 10 7 12 5 8 11 2 
388 2 ['Cabot'] 10 4 1 9 12 5 7 8 2 6 3 11 
389 6 ['Adams'] 2 6 12 11 9 5 1 4 10 3 8 7 
390 6 ['Pfoho'] 1 4 9 12 8 5 6 11 7 3 10 2 
391 1 ['Eliot'] 11 7 3 6 5 2 4 8 12 10 1 9 
392 3 ['Lowell'] 2 3 10 1 8 4 5 9 7 12 6 11 
393 4 ['Eliot'] 6 8 3 5 2 11 12 10 1 9 4 7 
394 2 ['Kirkland'] 11 2 12 3 6 1 7 4 5 8 9 10 
395 8 ['Kirkland'] 5 7 10 9 11 6 1 3 2 4 8 12 
396 6 ['Leverett'] 8 7 6 12 3 5 1 11 4 9 10 2 
397 2 ['Currier'] 3 10 4 6 9 7 12 8 2 5 1 11 
398 3 ['Adams'] 10 7 2 5 9 4 12 1 8 6 3 11 
399 6 ['Currier'] 3 7 11 4 6 12 1 8 9 5 2 10 
