0 1 ['Leverett'] 7 3 9 2 6 11 10 4 8 5 12 1 
1 6 ['Adams'] 11 7 4 1 6 12 5 2 3 10 9 8 
2 7 ['Lowell'] 11 5 9 7 6 2 8 10 4 1 3 12 
3 5 ['Eliot'] 2 4 3 8 12 11 7 10 6 1 5 9 
4 6 ['Quincy'] 1 10 9 11 5 6 3 2 12 8 4 7 
5 8 ['Winthrop'] 6 7 5 1 2 12 8 9 11 10 3 4 
6 1 ['Eliot'] 8 11 3 2 7 9 6 5 1 4 10 12 
7 6 ['Dunster'] 2 6 5 4 12 7 10 8 9 3 1 11 
8 8 ['Leverett'] 10 12 5 7 2 9 1 4 3 6 11 8 
9 4 ['Dunster'] 2 5 9 3 7 12 1 8 11 4 6 10 
10 6 ['Mather'] 10 7 11 9 12 5 3 6 1 8 2 4 
11 5 ['Cabot'] 9 11 4 12 1 10 3 8 5 7 6 2 
12 2 ['Lowell'] 5 10 4 7 8 1 11 2 9 12 6 3 
13 2 ['Quincy'] 5 12 6 11 10 9 4 1 3 7 2 8 
14 2 ['Kirkland'] 1 11 9 10 6 12 5 7 4 8 3 2 
15 6 ['Dunster'] 1 3 12 11 7 6 2 9 8 4 5 10 
16 5 ['Eliot'] 5 8 11 2 1 4 7 10 6 3 9 12 
17 3 ['Currier'] 9 5 3 12 6 10 8 1 11 2 7 4 
18 2 ['Cabot'] 8 12 5 4 3 6 11 1 2 9 10 7 
19 1 ['Lowell'] 1 3 8 6 11 4 12 9 10 2 5 7 
20 5 ['Winthrop'] 10 9 3 7 6 4 11 8 12 2 1 5 
21 6 ['Pfoho'] 4 8 9 2 6 11 1 7 12 3 10 5 
22 7 ['Kirkland'] 3 5 11 9 6 10 2 4 1 7 8 12 
23 2 ['Eliot'] 10 2 3 9 1 12 11 8 7 4 5 6 
24 4 ['Mather'] 10 3 11 9 2 8 1 4 5 6 7 12 
25 7 ['Currier'] 8 2 7 3 5 4 10 11 12 9 1 6 
26 5 ['Lowell'] 6 8 3 12 7 9 2 10 5 1 11 4 
27 4 ['Kirkland'] 4 3 8 12 7 1 9 11 5 6 2 10 
28 3 ['Kirkland'] 9 5 2 7 12 1 6 8 4 10 11 3 
29 3 ['Winthrop'] 6 11 4 9 12 7 5 2 1 3 8 10 
30 6 ['Leverett'] 9 5 2 10 3 6 1 7 12 11 4 8 
31 8 ['Quincy'] 5 6 11 3 4 8 1 9 12 7 10 2 
32 1 ['Kirkland'] 5 3 1 7 10 8 6 2 12 11 4 9 
33 6 ['Kirkland'] 9 3 12 1 7 10 2 5 8 4 11 6 
34 2 ['Mather'] 6 7 3 12 9 4 2 10 8 11 1 5 
35 8 ['Kirkland'] 11 7 9 12 1 8 5 2 4 10 6 3 
36 2 ['Adams'] 8 4 11 1 12 2 9 6 10 5 3 7 
37 6 ['Eliot'] 11 7 1 6 2 3 12 8 9 4 5 10 
38 7 ['Dunster'] 8 1 9 6 4 2 3 5 11 10 12 7 
39 4 ['Winthrop'] 11 10 8 1 3 2 7 5 12 4 6 9 
40 4 ['Currier'] 10 12 3 1 7 4 9 11 2 8 6 5 
41 5 ['Dunster'] 9 3 4 5 7 1 6 11 2 10 12 8 
42 7 ['Winthrop'] 4 9 11 12 7 10 2 3 6 5 1 8 
43 2 ['Dunster'] 8 2 7 12 3 9 6 10 5 4 11 1 
44 3 ['Lowell'] 9 7 6 12 4 8 3 5 1 11 2 10 
45 6 ['Cabot'] 2 6 11 7 12 1 10 8 4 9 3 5 
46 8 ['Mather'] 3 4 9 7 5 1 11 12 6 10 2 8 
47 8 ['Cabot'] 11 7 10 8 12 5 9 4 6 2 1 3 
48 6 ['Leverett'] 6 8 9 1 11 3 2 7 4 5 12 10 
49 5 ['Lowell'] 3 9 6 1 5 2 11 4 12 10 7 8 
50 3 ['Mather'] 4 7 1 5 10 11 8 2 9 12 6 3 
51 8 ['Cabot'] 10 6 1 2 7 11 8 9 3 4 5 12 
52 7 ['Eliot'] 7 9 2 3 5 11 6 12 4 1 10 8 
53 3 ['Leverett'] 1 4 5 9 2 10 6 7 3 12 8 11 
54 1 ['Quincy'] 5 9 10 7 2 6 8 1 12 3 11 4 
55 2 ['Lowell'] 1 2 5 11 8 12 9 6 7 10 3 4 
56 8 ['Lowell'] 3 11 5 10 12 7 9 2 6 4 1 8 
57 6 ['Leverett'] 6 9 8 11 5 4 10 1 3 12 2 7 
58 6 ['Eliot'] 5 1 11 3 4 9 10 7 2 8 12 6 
59 8 ['Kirkland'] 4 7 9 8 10 2 12 6 1 5 11 3 
60 6 ['Currier'] 6 3 8 5 12 4 1 11 9 2 7 10 
61 6 ['Eliot'] 2 11 9 8 7 5 6 12 1 3 4 10 
62 4 ['Quincy'] 3 8 12 6 2 10 5 9 1 11 4 7 
63 4 ['Pfoho'] 6 10 12 1 2 7 4 8 11 3 9 5 
64 4 ['Pfoho'] 12 8 4 5 7 11 2 9 3 1 6 10 
65 2 ['Leverett'] 5 9 10 3 8 11 12 2 6 4 7 1 
66 8 ['Kirkland'] 9 5 3 6 8 10 7 12 4 2 1 11 
67 3 ['Adams'] 12 2 11 8 4 1 9 5 10 3 6 7 
68 2 ['Currier'] 11 2 5 6 12 1 7 9 3 10 4 8 
69 3 ['Pfoho'] 11 6 12 9 4 7 1 2 8 5 3 10 
70 3 ['Mather'] 2 6 7 9 8 11 10 1 5 4 12 3 
71 1 ['Currier'] 10 3 9 2 4 1 7 5 8 6 11 12 
72 8 ['Dunster'] 11 4 6 8 7 3 12 2 9 5 10 1 
73 6 ['Dunster'] 11 9 1 7 3 10 5 12 4 2 6 8 
74 3 ['Winthrop'] 7 12 1 9 10 3 6 4 8 5 11 2 
75 6 ['Dunster'] 8 1 4 6 5 10 7 11 9 2 12 3 
76 7 ['Quincy'] 10 8 3 2 4 12 11 6 9 5 7 1 
77 6 ['Adams'] 12 10 5 8 3 4 6 9 1 7 11 2 
78 8 ['Adams'] 2 3 5 6 12 1 10 7 11 8 4 9 
79 2 ['Lowell'] 5 9 8 6 12 7 3 10 1 4 2 11 
80 8 ['Quincy'] 5 4 1 6 2 12 8 11 10 7 3 9 
81 6 ['Kirkland'] 6 11 8 10 2 5 3 4 7 9 1 12 
82 4 ['Pfoho'] 7 4 12 10 5 6 2 11 9 3 1 8 
83 8 ['Pfoho'] 7 8 1 2 12 9 3 10 6 4 11 5 
84 4 ['Leverett'] 7 3 8 5 11 10 1 6 2 12 4 9 
85 8 ['Kirkland'] 8 6 12 7 4 5 9 11 3 10 1 2 
86 5 ['Leverett'] 3 11 10 6 9 4 8 12 5 7 1 2 
87 1 ['Leverett'] 7 1 12 6 8 3 4 5 11 9 10 2 
88 3 ['Winthrop'] 5 7 9 11 2 10 3 12 6 1 4 8 
89 5 ['Dunster'] 1 11 8 10 3 6 7 4 2 12 9 5 
90 7 ['Adams'] 1 11 6 2 10 3 9 4 12 7 8 5 
91 5 ['Lowell'] 2 8 3 1 10 12 4 7 11 9 6 5 
92 3 ['Quincy'] 12 8 9 2 10 3 11 5 4 1 7 6 
93 2 ['Mather'] 3 8 7 4 11 6 12 5 9 10 1 2 
94 8 ['Winthrop'] 6 2 10 7 5 11 8 12 3 9 1 4 
95 8 ['Cabot'] 3 11 10 2 7 9 5 4 8 6 1 12 
96 7 ['Cabot'] 4 5 11 12 6 9 7 8 2 1 10 3 
97 1 ['Dunster'] 11 6 9 8 7 3 12 10 5 4 2 1 
98 7 ['Cabot'] 7 2 4 6 12 5 8 1 3 10 9 11 
99 8 ['Quincy'] 7 5 10 1 2 9 3 8 12 4 6 11 
100 3 ['Adams'] 1 12 6 9 2 4 7 3 5 11 8 10 
101 3 ['Quincy'] 1 8 10 11 6 7 9 3 12 4 2 5 
102 8 ['Winthrop'] 4 1 6 8 5 12 10 11 7 3 9 2 
103 1 ['Currier'] 6 2 12 8 5 7 3 1 11 10 9 4 
104 7 ['Cabot'] 6 1 3 2 8 10 12 4 11 5 9 7 
105 2 ['Dunster'] 5 3 2 8 11 10 6 4 9 7 12 1 
106 3 ['Winthrop'] 11 6 9 10 7 5 2 3 8 1 12 4 
107 4 ['Cabot'] 6 8 1 10 2 3 7 5 9 11 4 12 
108 3 ['Winthrop'] 5 1 8 7 6 4 11 10 12 9 2 3 
109 7 ['Pfoho'] 3 4 8 11 10 1 5 12 7 2 6 9 
110 2 ['Lowell'] 3 8 10 1 9 4 7 12 2 11 6 5 
111 4 ['Kirkland'] 5 4 1 7 11 6 2 8 10 3 9 12 
112 2 ['Cabot'] 12 9 4 11 3 7 5 8 10 2 6 1 
113 5 ['Lowell'] 10 1 9 2 5 6 3 8 7 12 4 11 
114 4 ['Kirkland'] 3 5 12 11 10 7 2 6 1 8 9 4 
115 3 ['Adams'] 3 1 10 9 12 6 4 2 8 11 5 7 
116 8 ['Pfoho'] 11 5 8 12 9 3 7 1 10 2 6 4 
117 8 ['Quincy'] 3 1 2 7 11 10 8 9 5 4 6 12 
118 6 ['Kirkland'] 5 4 9 12 6 3 8 2 7 10 1 11 
119 5 ['Currier'] 11 10 5 1 3 9 8 6 12 7 2 4 
120 2 ['Adams'] 12 7 3 2 6 4 1 5 8 11 10 9 
121 4 ['Leverett'] 11 5 1 8 6 3 9 10 7 4 2 12 
122 6 ['Dunster'] 7 4 1 3 5 6 2 12 11 9 10 8 
123 8 ['Adams'] 4 12 7 1 11 9 2 8 6 3 5 10 
124 7 ['Quincy'] 3 5 4 6 9 12 2 8 10 1 7 11 
125 3 ['Cabot'] 8 4 2 9 12 7 5 6 10 1 11 3 
126 5 ['Quincy'] 5 1 12 4 8 6 11 3 9 7 2 10 
127 3 ['Adams'] 3 12 5 4 8 9 7 11 1 2 10 6 
128 7 ['Cabot'] 6 11 4 7 9 2 8 12 1 3 5 10 
129 2 ['Eliot'] 6 9 10 8 1 2 4 5 11 3 12 7 
130 4 ['Kirkland'] 12 7 6 8 11 5 2 9 1 3 10 4 
131 8 ['Lowell'] 12 2 10 11 7 6 3 9 8 5 1 4 
132 4 ['Pfoho'] 6 3 2 1 4 12 9 5 10 11 7 8 
133 6 ['Leverett'] 6 1 4 5 3 10 12 9 8 11 7 2 
134 4 ['Mather'] 2 4 10 11 8 3 5 7 6 9 1 12 
135 4 ['Dunster'] 6 9 5 8 7 1 10 11 4 12 2 3 
136 4 ['Mather'] 6 1 10 4 8 2 7 9 5 12 11 3 
137 3 ['Lowell'] 3 2 9 4 12 5 11 1 8 7 10 6 
138 7 ['Lowell'] 12 9 11 5 3 6 2 4 1 10 7 8 
139 6 ['Kirkland'] 12 11 6 4 7 5 3 2 1 9 10 8 
140 8 ['Dunster'] 11 4 10 12 5 8 7 1 9 3 6 2 
141 4 ['Pfoho'] 6 9 10 11 4 8 12 1 2 3 7 5 
142 2 ['Mather'] 4 12 8 6 7 9 1 5 10 3 2 11 
143 3 ['Dunster'] 11 3 2 7 8 5 1 6 10 4 9 12 
144 4 ['Kirkland'] 8 2 1 6 3 12 11 5 7 9 4 10 
145 4 ['Quincy'] 3 7 4 10 8 6 5 9 2 11 12 1 
146 4 ['Cabot'] 6 8 1 10 3 4 9 11 12 5 7 2 
147 1 ['Mather'] 6 2 8 4 1 10 7 12 11 9 3 5 
148 4 ['Kirkland'] 7 8 10 11 4 1 9 6 5 12 3 2 
149 6 ['Winthrop'] 5 6 10 7 2 12 9 4 1 11 8 3 
150 3 ['Kirkland'] 8 3 10 7 1 5 11 12 4 2 9 6 
151 3 ['Winthrop'] 6 12 9 11 3 1 5 7 2 4 8 10 
152 6 ['Currier'] 6 10 8 9 2 3 4 11 12 1 5 7 
153 8 ['Pfoho'] 1 8 6 10 5 4 2 12 11 3 9 7 
154 8 ['Adams'] 1 6 8 9 10 11 5 2 7 12 3 4 
155 6 ['Currier'] 1 6 7 12 10 9 5 8 3 4 11 2 
156 8 ['Eliot'] 3 10 5 4 2 7 1 11 12 8 9 6 
157 7 ['Leverett'] 10 9 1 12 2 8 3 5 11 4 6 7 
158 3 ['Cabot'] 2 1 11 5 12 3 8 7 6 10 4 9 
159 3 ['Adams'] 3 6 11 10 8 4 7 2 5 12 1 9 
160 8 ['Currier'] 9 8 5 4 3 12 11 1 7 10 6 2 
161 6 ['Leverett'] 7 5 6 8 4 2 11 12 1 9 3 10 
162 3 ['Cabot'] 5 8 11 6 10 2 3 7 12 4 9 1 
163 5 ['Currier'] 10 12 2 11 1 3 8 5 9 7 6 4 
164 4 ['Winthrop'] 8 2 11 5 7 12 10 3 6 9 4 1 
165 1 ['Leverett'] 4 10 11 5 9 6 12 1 2 7 3 8 
166 4 ['Kirkland'] 8 11 3 9 1 4 12 7 6 10 5 2 
167 8 ['Mather'] 11 2 5 12 1 9 7 3 4 10 8 6 
168 7 ['Pfoho'] 3 6 5 2 12 9 4 8 1 7 10 11 
169 6 ['Winthrop'] 5 9 12 8 2 1 7 4 10 11 3 6 
170 7 ['Currier'] 10 9 8 7 3 1 5 12 11 2 6 4 
171 4 ['Mather'] 10 8 12 3 7 11 5 2 4 9 6 1 
172 3 ['Leverett'] 8 7 11 3 5 1 4 2 10 9 12 6 
173 6 ['Pfoho'] 2 4 10 5 9 8 1 7 12 3 11 6 
174 3 ['Leverett'] 10 12 7 1 2 3 9 6 8 5 11 4 
175 3 ['Eliot'] 6 4 3 1 7 5 2 8 12 10 11 9 
176 2 ['Kirkland'] 10 7 3 2 9 8 12 6 5 11 1 4 
177 7 ['Eliot'] 11 12 4 7 5 9 10 3 8 2 6 1 
178 4 ['Pfoho'] 5 4 1 9 8 7 6 10 3 11 12 2 
179 7 ['Leverett'] 4 8 11 3 7 6 10 2 12 9 5 1 
180 7 ['Currier'] 10 4 9 7 1 3 2 6 8 12 11 5 
181 1 ['Quincy'] 8 11 4 12 5 9 2 6 1 7 10 3 
182 8 ['Quincy'] 6 1 3 9 8 2 11 5 7 4 12 10 
183 5 ['Kirkland'] 11 12 9 3 5 1 10 7 8 4 2 6 
184 6 ['Leverett'] 11 2 12 3 1 9 4 5 10 8 6 7 
185 6 ['Leverett'] 6 4 11 12 2 10 7 9 1 8 3 5 
186 5 ['Adams'] 9 5 8 11 4 3 12 6 10 1 2 7 
187 8 ['Dunster'] 12 1 11 6 9 8 10 4 2 3 7 5 
188 8 ['Leverett'] 4 1 11 12 5 10 7 9 8 3 2 6 
189 4 ['Currier'] 9 7 2 5 11 1 8 10 4 6 12 3 
190 3 ['Quincy'] 6 9 11 2 12 1 4 3 10 7 8 5 
191 4 ['Currier'] 5 7 4 10 9 6 1 11 8 3 2 12 
192 4 ['Cabot'] 9 10 4 3 5 12 7 6 11 2 8 1 
193 6 ['Mather'] 7 12 6 9 10 11 8 4 1 2 5 3 
194 4 ['Adams'] 9 1 12 11 10 2 7 3 5 8 6 4 
195 1 ['Winthrop'] 4 7 12 3 10 1 8 9 11 2 6 5 
196 5 ['Pfoho'] 12 7 1 9 11 4 8 5 10 6 2 3 
197 3 ['Quincy'] 8 4 11 9 10 3 5 12 7 2 6 1 
198 6 ['Dunster'] 2 8 12 9 6 10 1 11 3 5 7 4 
199 2 ['Leverett'] 2 11 6 1 4 7 12 10 5 3 9 8 
200 7 ['Mather'] 12 11 2 4 10 6 9 5 1 7 8 3 
201 7 ['Cabot'] 5 3 4 1 7 11 2 9 6 12 8 10 
202 1 ['Mather'] 4 6 8 7 3 9 2 5 10 11 12 1 
203 8 ['Winthrop'] 5 7 9 4 10 12 6 11 3 1 8 2 
204 6 ['Kirkland'] 4 1 6 11 7 9 2 3 10 5 12 8 
205 1 ['Lowell'] 4 6 8 1 11 12 3 9 10 5 7 2 
206 2 ['Winthrop'] 2 6 1 5 4 11 7 10 9 3 8 12 
207 8 ['Quincy'] 12 7 2 6 11 5 8 3 9 10 4 1 
208 6 ['Mather'] 11 5 10 2 6 1 7 9 3 8 12 4 
209 8 ['Lowell'] 11 1 2 6 10 4 5 3 12 9 7 8 
210 1 ['Kirkland'] 10 6 2 9 1 5 3 4 11 12 7 8 
211 2 ['Winthrop'] 7 9 2 10 8 6 4 11 1 12 3 5 
212 3 ['Dunster'] 10 2 12 1 5 8 11 3 6 4 7 9 
213 2 ['Cabot'] 3 9 4 5 8 6 12 2 7 10 1 11 
214 1 ['Mather'] 7 10 2 4 5 11 3 8 6 12 9 1 
215 2 ['Cabot'] 8 5 7 9 4 11 1 3 6 10 2 12 
216 6 ['Mather'] 11 4 8 2 3 7 6 10 9 1 5 12 
217 6 ['Adams'] 5 8 6 2 3 11 10 7 1 9 4 12 
218 5 ['Currier'] 9 6 11 1 12 10 8 2 4 5 7 3 
219 1 ['Pfoho'] 2 12 1 3 7 8 9 5 11 10 6 4 
220 4 ['Mather'] 5 1 7 3 9 2 6 12 4 11 8 10 
221 8 ['Adams'] 7 4 10 6 11 3 8 5 2 12 1 9 
222 3 ['Mather'] 5 9 2 12 1 8 10 7 3 11 4 6 
223 2 ['Lowell'] 12 3 5 1 8 11 2 4 10 9 6 7 
224 8 ['Dunster'] 8 6 4 9 7 3 5 2 12 1 10 11 
225 8 ['Eliot'] 3 5 12 11 10 2 4 6 8 7 9 1 
226 4 ['Mather'] 8 9 1 10 12 5 11 2 3 4 7 6 
227 8 ['Winthrop'] 3 8 6 1 9 7 4 11 5 2 10 12 
228 3 ['Leverett'] 3 10 6 1 8 11 7 5 4 2 9 12 
229 5 ['Eliot'] 5 7 10 2 12 3 8 6 4 11 1 9 
230 4 ['Dunster'] 2 4 7 11 9 1 3 12 6 8 5 10 
231 4 ['Kirkland'] 3 5 12 11 10 6 7 1 9 8 4 2 
232 4 ['Mather'] 7 6 11 12 4 1 8 5 10 3 9 2 
233 8 ['Adams'] 12 1 9 6 8 7 10 3 2 4 11 5 
234 7 ['Winthrop'] 8 2 12 10 4 7 5 6 9 1 3 11 
235 7 ['Dunster'] 11 7 4 6 10 2 5 9 12 3 1 8 
236 3 ['Eliot'] 3 11 5 4 12 6 2 8 7 1 10 9 
237 7 ['Mather'] 8 2 6 9 5 7 10 4 3 12 11 1 
238 2 ['Adams'] 8 2 1 3 6 12 7 11 4 5 10 9 
239 4 ['Dunster'] 11 6 2 3 12 9 1 8 7 4 10 5 
240 2 ['Quincy'] 6 9 1 3 8 4 12 7 2 11 5 10 
241 1 ['Winthrop'] 1 6 5 11 9 7 12 8 3 2 4 10 
242 4 ['Eliot'] 4 2 3 1 11 5 6 8 7 9 10 12 
243 1 ['Currier'] 4 3 7 2 9 6 11 12 5 8 10 1 
244 7 ['Winthrop'] 6 3 2 9 10 11 4 1 8 12 5 7 
245 2 ['Mather'] 12 7 10 11 5 6 3 1 9 8 2 4 
246 4 ['Winthrop'] 5 1 8 9 7 4 11 12 2 10 6 3 
247 8 ['Leverett'] 7 8 10 1 11 6 4 5 12 2 3 9 
248 5 ['Currier'] 3 9 11 7 8 10 4 1 12 5 2 6 
249 4 ['Adams'] 6 7 11 5 9 3 10 2 8 4 1 12 
250 2 ['Mather'] 10 4 12 7 8 2 5 6 1 11 3 9 
251 2 ['Quincy'] 5 4 2 10 7 6 1 8 12 9 11 3 
252 8 ['Quincy'] 5 8 6 2 1 11 9 3 4 10 7 12 
253 6 ['Pfoho'] 7 9 12 4 6 3 2 1 8 11 5 10 
254 2 ['Cabot'] 11 4 8 10 7 6 9 1 3 12 5 2 
255 2 ['Lowell'] 7 1 10 4 8 11 6 5 12 3 2 9 
256 6 ['Lowell'] 7 12 3 9 10 1 6 2 5 8 11 4 
257 8 ['Dunster'] 3 2 5 12 7 10 8 1 4 11 6 9 
258 4 ['Leverett'] 12 2 11 5 8 3 1 6 4 10 7 9 
259 3 ['Currier'] 8 1 3 10 9 12 6 7 2 4 11 5 
260 5 ['Eliot'] 8 12 5 9 1 7 11 2 4 6 10 3 
261 3 ['Eliot'] 12 10 8 6 1 2 7 4 9 5 11 3 
262 5 ['Winthrop'] 2 7 1 12 8 11 10 5 6 3 9 4 
263 5 ['Quincy'] 9 4 1 12 7 11 5 6 10 8 2 3 
264 1 ['Adams'] 6 9 7 3 1 12 5 2 11 10 4 8 
265 3 ['Lowell'] 2 8 7 5 3 10 11 12 6 9 1 4 
266 8 ['Kirkland'] 4 9 12 10 5 3 1 2 6 11 7 8 
267 6 ['Kirkland'] 4 6 3 12 8 9 11 10 7 5 2 1 
268 1 ['Pfoho'] 6 7 10 9 11 1 4 8 2 12 5 3 
269 4 ['Quincy'] 12 5 4 10 3 7 9 6 1 2 8 11 
270 7 ['Adams'] 10 4 3 6 1 9 7 12 11 8 5 2 
271 5 ['Pfoho'] 12 3 4 7 1 2 10 6 9 11 8 5 
272 7 ['Pfoho'] 1 8 7 9 5 6 4 12 2 11 3 10 
273 4 ['Kirkland'] 8 12 9 11 10 4 5 2 7 6 3 1 
274 8 ['Pfoho'] 6 1 5 8 2 12 7 9 11 3 10 4 
275 7 ['Adams'] 9 4 8 12 11 2 6 5 3 7 10 1 
276 2 ['Dunster'] 2 7 6 4 10 9 11 1 3 5 12 8 
277 4 ['Cabot'] 12 3 7 1 4 6 2 9 11 8 5 10 
278 4 ['Lowell'] 10 9 8 12 4 3 7 11 1 6 5 2 
279 3 ['Lowell'] 2 11 3 8 9 7 4 10 12 1 5 6 
280 3 ['Winthrop'] 2 3 8 12 4 10 11 1 5 6 7 9 
281 4 ['Pfoho'] 1 4 8 12 10 9 7 11 3 2 5 6 
282 4 ['Leverett'] 7 11 6 2 8 1 12 3 10 4 5 9 
283 5 ['Currier'] 1 2 3 7 9 6 12 5 8 4 11 10 
284 8 ['Currier'] 7 2 10 8 9 4 6 11 1 3 12 5 
285 2 ['Mather'] 12 9 6 11 7 5 8 2 10 3 1 4 
286 3 ['Adams'] 3 5 2 6 7 12 8 1 10 4 9 11 
287 8 ['Pfoho'] 1 6 7 9 2 3 10 8 11 5 12 4 
288 3 ['Eliot'] 10 2 9 4 12 6 11 8 1 5 7 3 
289 8 ['Mather'] 2 8 4 1 10 6 5 7 3 11 9 12 
290 2 ['Lowell'] 6 8 4 9 2 11 5 1 3 7 10 12 
291 3 ['Eliot'] 12 9 8 2 10 1 6 4 5 3 7 11 
292 1 ['Lowell'] 12 11 5 10 1 8 3 7 2 4 6 9 
293 3 ['Adams'] 8 7 12 10 4 2 9 6 3 11 5 1 
294 3 ['Eliot'] 7 5 3 10 11 4 9 8 12 6 1 2 
295 6 ['Winthrop'] 4 8 3 1 6 7 12 2 10 5 11 9 
296 2 ['Winthrop'] 9 5 4 10 11 7 12 6 2 3 1 8 
297 8 ['Dunster'] 10 2 3 6 4 5 8 7 1 12 11 9 
298 7 ['Eliot'] 11 7 9 10 6 12 4 8 2 3 5 1 
299 8 ['Lowell'] 5 1 8 4 7 2 12 11 10 6 3 9 
300 3 ['Winthrop'] 2 8 6 5 4 11 3 9 10 12 1 7 
301 2 ['Lowell'] 8 6 1 5 11 9 7 4 3 12 10 2 
302 5 ['Pfoho'] 1 9 11 2 6 3 12 5 10 7 4 8 
303 3 ['Leverett'] 9 8 10 11 4 3 5 12 2 7 6 1 
304 5 ['Kirkland'] 11 7 8 1 3 2 5 6 12 4 10 9 
305 2 ['Winthrop'] 12 3 5 8 11 6 7 10 1 9 4 2 
306 6 ['Eliot'] 1 7 6 3 4 12 8 11 2 9 5 10 
307 8 ['Pfoho'] 12 6 10 2 1 11 9 3 8 4 5 7 
308 5 ['Leverett'] 3 2 4 10 12 1 8 5 6 9 7 11 
309 7 ['Currier'] 11 2 4 12 3 7 10 9 1 6 8 5 
310 4 ['Dunster'] 7 10 8 3 4 1 5 11 6 12 9 2 
311 3 ['Lowell'] 5 3 2 7 1 11 12 4 10 6 9 8 
312 3 ['Dunster'] 8 10 6 2 9 7 3 12 5 11 4 1 
313 3 ['Lowell'] 2 10 12 7 3 6 8 9 4 11 5 1 
314 4 ['Leverett'] 7 3 2 6 9 12 10 4 11 8 5 1 
315 6 ['Winthrop'] 4 1 2 11 3 6 5 7 10 12 9 8 
316 8 ['Quincy'] 11 1 4 8 3 6 5 2 7 9 12 10 
317 6 ['Dunster'] 2 10 1 3 5 12 6 8 11 9 4 7 
318 6 ['Quincy'] 1 5 11 2 7 8 6 12 4 3 10 9 
319 2 ['Leverett'] 12 1 9 10 6 3 11 4 7 5 8 2 
320 7 ['Mather'] 5 8 10 7 6 4 9 1 11 3 12 2 
321 3 ['Winthrop'] 8 12 2 7 4 1 3 10 11 6 5 9 
322 5 ['Currier'] 11 12 5 9 3 2 10 8 4 7 1 6 
323 3 ['Lowell'] 5 6 9 4 3 10 11 7 12 1 8 2 
324 5 ['Lowell'] 10 7 6 4 9 8 5 11 3 12 1 2 
325 6 ['Eliot'] 3 8 1 6 4 2 7 10 9 5 12 11 
326 4 ['Adams'] 5 3 7 6 4 9 12 11 2 1 10 8 
327 7 ['Mather'] 12 3 4 7 8 6 1 9 5 10 2 11 
328 1 ['Leverett'] 2 6 8 4 9 7 11 12 5 10 1 3 
329 4 ['Winthrop'] 1 4 3 10 6 8 11 5 7 12 2 9 
330 5 ['Adams'] 2 9 10 1 5 4 3 12 11 7 8 6 
331 5 ['Pfoho'] 8 2 3 9 1 11 10 6 5 4 12 7 
332 1 ['Currier'] 4 1 3 7 12 9 2 5 10 11 6 8 
333 6 ['Quincy'] 1 6 3 5 8 9 10 7 4 2 11 12 
334 8 ['Leverett'] 10 3 7 12 11 2 5 9 6 1 4 8 
335 2 ['Leverett'] 6 1 2 5 10 9 3 11 4 7 8 12 
336 7 ['Kirkland'] 2 12 7 8 6 1 10 4 9 5 11 3 
337 8 ['Lowell'] 11 4 5 12 6 1 8 3 9 7 10 2 
338 2 ['Kirkland'] 1 4 5 3 10 11 6 9 2 8 7 12 
339 8 ['Cabot'] 8 2 9 7 6 10 1 5 11 3 12 4 
340 7 ['Currier'] 4 6 3 11 12 7 2 5 1 10 9 8 
341 2 ['Pfoho'] 7 3 2 11 12 10 8 5 1 4 6 9 
342 4 ['Pfoho'] 12 9 7 1 4 2 6 5 10 11 3 8 
343 8 ['Quincy'] 11 3 1 9 6 4 10 8 7 5 2 12 
344 6 ['Eliot'] 9 6 11 8 12 7 2 10 3 1 4 5 
345 6 ['Pfoho'] 9 7 3 4 2 8 6 1 10 5 11 12 
346 6 ['Cabot'] 7 4 10 3 6 2 11 8 9 1 5 12 
347 4 ['Lowell'] 11 10 2 1 9 5 3 6 7 4 12 8 
348 7 ['Leverett'] 2 7 10 5 1 8 4 9 6 12 3 11 
349 2 ['Lowell'] 12 3 5 2 1 10 7 11 6 8 4 9 
350 1 ['Adams'] 11 4 7 9 10 2 12 8 1 5 6 3 
351 2 ['Cabot'] 11 8 4 10 5 6 7 9 12 3 2 1 
352 6 ['Eliot'] 10 7 2 9 12 1 3 6 8 4 11 5 
353 1 ['Winthrop'] 8 4 7 2 11 9 6 3 12 10 5 1 
354 6 ['Currier'] 1 6 7 8 2 10 9 12 5 11 4 3 
355 8 ['Currier'] 9 12 4 1 2 5 7 6 10 3 11 8 
356 5 ['Kirkland'] 8 3 11 5 2 7 6 4 1 12 9 10 
357 5 ['Currier'] 1 11 4 5 12 10 6 9 2 3 8 7 
358 8 ['Currier'] 3 10 9 7 6 11 4 1 8 5 2 12 
359 4 ['Kirkland'] 6 10 5 3 9 12 2 8 11 1 7 4 
360 3 ['Dunster'] 1 6 9 11 2 7 4 12 10 8 5 3 
361 5 ['Mather'] 12 6 3 9 10 5 7 8 11 2 4 1 
362 5 ['Currier'] 5 2 4 9 7 12 11 1 3 8 10 6 
363 2 ['Currier'] 6 9 5 11 4 8 7 2 12 10 1 3 
364 5 ['Mather'] 6 1 12 5 2 9 3 10 7 11 8 4 
365 1 ['Winthrop'] 4 3 11 5 6 1 10 12 2 9 8 7 
366 1 ['Kirkland'] 11 10 5 1 3 7 4 8 12 9 6 2 
367 4 ['Quincy'] 5 1 8 2 10 4 6 9 11 7 12 3 
368 4 ['Quincy'] 3 7 2 10 8 4 11 6 12 1 5 9 
369 2 ['Eliot'] 11 12 1 10 8 6 4 5 2 7 3 9 
370 3 ['Leverett'] 10 11 12 2 3 1 4 8 9 7 6 5 
371 1 ['Lowell'] 12 3 1 10 7 2 9 8 5 4 11 6 
372 7 ['Pfoho'] 8 12 9 2 7 10 11 6 5 1 3 4 
373 5 ['Mather'] 8 1 5 12 11 9 7 3 6 10 4 2 
374 2 ['Dunster'] 9 3 5 10 6 1 8 4 7 11 12 2 
375 3 ['Lowell'] 1 3 12 6 5 4 11 2 9 8 7 10 
376 4 ['Winthrop'] 7 8 4 2 12 6 9 1 11 10 3 5 
377 1 ['Dunster'] 8 10 3 9 5 4 1 12 7 6 11 2 
378 6 ['Pfoho'] 3 8 6 9 2 7 1 4 10 11 12 5 
379 4 ['Cabot'] 12 7 10 4 3 11 5 6 1 9 8 2 
380 5 ['Mather'] 9 12 6 1 2 7 4 3 8 5 10 11 
381 2 ['Lowell'] 10 9 12 7 4 2 3 11 8 5 1 6 
382 1 ['Mather'] 1 6 5 12 3 9 7 2 10 4 11 8 
383 4 ['Leverett'] 5 7 3 12 6 1 4 10 8 9 11 2 
384 2 ['Pfoho'] 6 9 12 2 1 8 4 7 10 11 3 5 
385 3 ['Quincy'] 7 5 1 9 2 10 3 8 11 6 4 12 
386 7 ['Lowell'] 1 9 10 7 3 5 6 4 8 2 12 11 
387 6 ['Lowell'] 11 12 1 7 3 2 10 4 6 5 9 8 
388 8 ['Winthrop'] 7 4 3 5 10 8 9 1 12 11 2 6 
389 4 ['Leverett'] 6 1 11 4 3 5 12 7 9 8 10 2 
390 7 ['Currier'] 7 8 1 9 12 5 11 2 4 6 10 3 
391 8 ['Leverett'] 7 12 3 10 6 11 2 9 4 8 5 1 
392 2 ['Dunster'] 12 8 7 6 3 2 9 5 1 4 11 10 
393 6 ['Cabot'] 3 5 8 11 4 12 10 1 2 7 9 6 
394 3 ['Pfoho'] 7 4 12 8 2 10 1 11 9 5 3 6 
395 3 ['Eliot'] 11 2 9 6 1 5 10 8 7 4 12 3 
396 4 ['Eliot'] 8 6 5 2 10 9 7 3 11 1 4 12 
397 6 ['Adams'] 8 3 11 7 2 9 4 5 6 12 10 1 
398 5 ['Eliot'] 5 9 7 10 12 1 11 6 3 4 8 2 
399 5 ['Lowell'] 3 7 1 2 4 11 5 6 8 10 9 12 
