0 1 Cabot 7 6 8 3 10 9 5 12 4 1 11 2 
1 3 Dunster 11 6 4 5 1 2 3 9 8 7 10 12 
2 2 Winthrop 3 11 6 10 7 1 2 4 8 12 9 5 
3 4 Currier 4 11 10 12 5 3 1 9 8 6 7 2 
4 5 Lowell 9 5 10 11 12 4 2 6 1 8 3 7 
5 7 Dunster 10 8 6 4 7 1 12 3 2 9 5 11 
6 8 Leverett 8 5 9 7 2 4 1 12 11 3 10 6 
7 6 Mather 8 6 11 3 1 10 7 12 9 5 2 4 
8 5 Mather 12 11 8 6 1 2 7 5 9 3 10 4 
9 1 Winthrop 11 3 9 4 1 12 7 2 8 5 10 6 
10 5 Eliot 11 8 7 10 4 12 5 1 2 3 9 6 
11 8 Currier 4 10 1 2 9 5 6 3 11 7 8 12 
12 8 Kirkland 8 11 12 9 3 2 10 5 4 6 1 7 
13 6 Dunster 11 12 8 9 2 1 10 5 3 4 6 7 
14 4 Pfoho 3 9 12 5 4 7 2 10 6 1 11 8 
15 2 Leverett 8 1 9 7 5 6 3 2 12 4 11 10 
16 7 Quincy 4 7 1 6 10 11 3 5 2 8 9 12 
17 8 Pfoho 5 10 11 9 3 2 7 4 1 12 8 6 
18 8 Winthrop 2 12 10 4 11 9 8 6 7 3 5 1 
19 4 Kirkland 12 6 2 10 4 8 7 11 9 3 5 1 
20 3 Adams 12 10 1 9 7 6 11 3 4 5 2 8 
21 8 Winthrop 11 5 12 1 10 3 6 9 7 2 8 4 
22 2 Winthrop 10 11 9 2 12 3 6 7 4 8 1 5 
23 2 Winthrop 7 8 2 3 5 9 1 11 6 12 10 4 
24 5 Eliot 9 6 3 5 4 12 10 8 7 1 11 2 
25 1 Adams 7 9 6 2 3 4 11 8 1 12 5 10 
26 8 Dunster 1 4 6 2 5 11 10 8 12 3 7 9 
27 4 Cabot 3 11 5 10 1 7 2 6 4 8 9 12 
28 1 Kirkland 5 2 7 10 12 1 6 8 11 4 3 9 
29 4 Leverett 8 5 11 6 9 1 3 2 4 12 10 7 
30 8 Pfoho 8 1 2 7 12 11 4 9 3 6 10 5 
31 6 Kirkland 7 6 1 12 9 11 5 4 2 10 8 3 
32 2 Quincy 6 12 4 7 11 10 8 9 5 1 2 3 
33 5 Currier 9 8 7 3 5 1 6 10 4 12 11 2 
34 5 Eliot 11 8 12 5 9 3 10 4 7 6 1 2 
35 8 Dunster 11 2 10 6 1 9 4 7 5 12 8 3 
36 7 Mather 3 2 4 12 11 5 9 7 1 6 8 10 
37 1 Kirkland 9 2 11 10 4 7 8 12 3 1 5 6 
38 8 Mather 9 7 3 8 11 10 4 6 1 2 12 5 
39 8 Adams 8 10 7 4 2 5 11 1 6 12 9 3 
40 1 Cabot 4 9 1 3 8 11 6 10 5 2 7 12 
41 1 Dunster 6 2 3 12 5 4 7 9 1 11 8 10 
42 8 Currier 9 11 5 7 12 2 8 3 1 6 10 4 
43 4 Currier 6 10 8 11 5 1 12 3 4 7 2 9 
44 1 Lowell 2 10 5 1 6 12 7 8 3 9 11 4 
45 3 Dunster 8 6 10 1 2 3 5 9 7 4 12 11 
46 6 Eliot 10 1 5 6 4 9 3 8 2 7 11 12 
47 5 Mather 9 10 5 6 11 2 12 1 8 3 7 4 
48 3 Pfoho 11 9 10 12 4 7 6 2 3 5 8 1 
49 1 Winthrop 9 1 4 2 8 10 11 3 5 6 7 12 
50 5 Kirkland 5 12 10 9 4 3 2 6 7 8 1 11 
51 7 Dunster 3 11 6 10 4 1 12 7 8 2 5 9 
52 3 Currier 5 9 2 1 7 12 10 11 3 6 4 8 
53 2 Mather 12 2 3 10 4 11 8 7 9 5 1 6 
54 1 Dunster 10 6 4 8 7 12 1 3 11 5 9 2 
55 6 Winthrop 5 2 8 12 11 3 9 6 1 7 4 10 
56 7 Winthrop 9 6 2 12 11 1 3 7 8 5 4 10 
57 4 Eliot 12 11 1 3 9 2 5 6 4 10 7 8 
58 6 Lowell 2 10 11 9 12 1 6 5 7 3 8 4 
59 8 Winthrop 3 8 7 12 5 11 6 1 10 2 4 9 
60 5 Lowell 2 12 9 8 6 4 10 1 7 5 11 3 
61 1 Eliot 5 9 3 1 11 6 12 7 10 8 2 4 
62 4 Eliot 9 4 5 10 11 8 7 2 3 12 1 6 
63 5 Lowell 5 10 8 9 7 11 3 4 2 12 1 6 
64 4 Quincy 11 7 2 10 8 1 4 3 6 5 12 9 
65 3 Eliot 11 7 10 5 8 12 2 4 3 6 1 9 
66 2 Lowell 1 7 4 5 10 8 2 6 3 9 12 11 
67 4 Kirkland 2 7 8 11 10 4 1 3 12 6 5 9 
68 5 Dunster 5 2 7 12 11 8 6 10 1 9 4 3 
69 8 Adams 5 8 10 1 9 4 6 11 3 7 2 12 
70 8 Lowell 11 8 9 6 2 4 5 1 10 12 3 7 
71 4 Leverett 1 8 5 9 2 11 3 6 4 10 7 12 
72 3 Mather 3 4 12 2 7 5 1 9 8 11 6 10 
73 3 Dunster 11 4 5 9 8 10 7 6 3 1 12 2 
74 2 Pfoho 2 1 3 12 8 10 9 4 5 6 11 7 
75 3 Lowell 2 6 8 11 10 4 3 9 12 1 7 5 
76 7 Lowell 12 1 5 8 11 4 10 6 2 3 7 9 
77 4 Mather 6 2 7 4 12 8 11 10 9 1 5 3 
78 5 Mather 2 11 1 12 5 6 3 7 10 9 4 8 
79 8 Adams 5 3 8 6 4 2 7 10 1 12 11 9 
80 6 Lowell 7 1 4 6 11 8 2 12 9 10 3 5 
81 4 Eliot 10 2 1 6 12 8 9 3 5 4 7 11 
82 4 Quincy 11 10 2 6 7 8 9 12 4 3 5 1 
83 8 Cabot 12 11 5 7 10 1 3 8 2 9 4 6 
84 3 Dunster 7 2 4 9 3 12 5 8 6 11 10 1 
85 8 Lowell 5 6 8 9 12 1 4 3 7 10 11 2 
86 4 Eliot 1 8 3 2 11 10 5 7 4 6 9 12 
87 5 Quincy 5 8 10 1 6 9 12 11 4 7 2 3 
88 5 Winthrop 6 4 10 7 5 8 12 9 11 1 2 3 
89 6 Eliot 10 4 8 12 6 7 9 3 5 2 1 11 
90 1 Pfoho 12 4 11 1 7 2 6 3 5 8 10 9 
91 1 Cabot 7 10 9 11 3 4 5 6 1 8 2 12 
92 4 Kirkland 2 4 11 7 10 5 1 12 6 3 9 8 
93 6 Pfoho 10 12 3 4 6 7 2 9 5 1 11 8 
94 8 Kirkland 2 11 9 5 8 1 3 6 4 12 7 10 
95 6 Mather 4 3 5 12 7 11 2 1 8 9 10 6 
96 2 Pfoho 11 10 1 4 5 3 8 9 12 7 2 6 
97 5 Mather 12 5 2 3 11 6 1 10 8 9 7 4 
98 1 Lowell 5 12 7 4 10 1 9 2 11 3 6 8 
99 8 Dunster 2 7 11 12 1 6 9 3 4 8 5 10 
100 3 Winthrop 5 6 11 10 7 1 12 2 8 4 9 3 
101 1 Kirkland 4 8 3 9 12 6 5 1 10 7 2 11 
102 2 Mather 4 3 2 7 6 8 5 10 12 1 11 9 
103 3 Currier 6 10 8 7 12 5 11 1 9 2 3 4 
104 2 Adams 11 10 1 3 12 2 6 4 7 5 8 9 
105 6 Pfoho 3 1 12 5 6 2 8 11 10 9 7 4 
106 2 Pfoho 4 12 3 9 1 8 11 2 10 6 5 7 
107 8 Currier 9 12 3 11 4 7 8 1 10 6 5 2 
108 1 Dunster 3 2 8 11 9 10 7 5 1 6 12 4 
109 5 Pfoho 6 3 9 4 2 7 1 10 12 11 8 5 
110 3 Winthrop 1 6 3 7 8 11 5 2 9 4 12 10 
111 3 Mather 4 12 5 10 6 7 8 11 1 2 9 3 
112 4 Lowell 1 10 9 7 2 3 11 4 6 8 5 12 
113 8 Leverett 5 4 12 8 9 3 10 7 1 2 6 11 
114 4 Dunster 1 4 10 7 9 6 3 11 2 5 12 8 
115 7 Winthrop 8 6 7 5 3 12 2 10 11 1 4 9 
116 3 Mather 9 2 6 7 3 11 10 8 4 5 1 12 
117 1 Lowell 2 11 8 3 10 1 7 5 12 9 6 4 
118 7 Dunster 8 9 11 4 5 6 12 7 1 3 10 2 
119 4 Currier 2 3 6 12 9 4 11 5 10 7 8 1 
120 8 Eliot 12 8 11 5 4 9 1 6 7 10 2 3 
121 5 Winthrop 12 6 2 8 7 1 11 3 4 9 10 5 
122 7 Leverett 8 11 5 10 6 3 4 2 9 12 1 7 
123 4 Winthrop 11 6 12 4 5 2 9 10 3 7 8 1 
124 8 Quincy 2 12 8 10 3 9 7 5 11 1 6 4 
125 6 Pfoho 10 2 5 12 4 8 9 11 3 1 7 6 
126 4 Kirkland 1 4 8 10 5 11 2 7 9 3 12 6 
127 2 Adams 10 11 2 6 4 5 3 8 9 1 12 7 
128 3 Kirkland 7 12 6 1 3 2 8 10 4 9 5 11 
129 7 Quincy 11 2 5 8 6 12 4 3 9 10 1 7 
130 6 Leverett 2 4 3 12 11 7 5 10 1 6 8 9 
131 4 Kirkland 2 12 7 8 3 11 9 10 1 6 4 5 
132 3 Currier 11 8 4 5 9 2 1 10 6 12 7 3 
133 8 Lowell 3 7 12 5 11 10 4 1 2 8 9 6 
134 4 Lowell 10 12 1 7 3 8 5 6 11 2 9 4 
135 7 Lowell 7 5 10 6 11 4 2 3 12 9 1 8 
136 2 Winthrop 12 2 4 6 8 7 9 10 11 3 5 1 
137 2 Pfoho 3 8 7 12 4 2 5 1 10 11 6 9 
138 3 Pfoho 5 3 7 2 1 9 11 8 12 4 6 10 
139 3 Lowell 10 3 2 5 11 8 6 1 12 4 7 9 
140 7 Lowell 10 2 12 11 6 4 9 7 3 8 5 1 
141 1 Mather 4 11 2 1 12 5 10 7 6 9 8 3 
142 3 Currier 1 2 5 6 8 11 9 7 3 10 12 4 
143 5 Mather 5 6 3 1 9 8 2 12 7 4 11 10 
144 6 Lowell 3 4 2 8 1 11 7 6 9 12 10 5 
145 2 Quincy 11 3 4 10 8 2 6 1 5 9 7 12 
146 2 Cabot 5 9 1 3 4 2 12 11 10 7 8 6 
147 1 Eliot 7 9 8 3 6 2 5 12 1 11 10 4 
148 3 Eliot 6 9 12 11 2 4 1 10 3 8 7 5 
149 7 Quincy 10 6 8 5 3 2 7 12 9 11 1 4 
