0 4 ['Lowell'] 4 7 10 8 1 6 11 9 12 5 3 2 
1 8 ['Winthrop'] 7 9 6 10 2 1 4 11 3 5 12 8 
2 7 ['Lowell'] 6 9 3 11 10 8 5 7 2 12 1 4 
3 8 ['Mather'] 4 5 7 10 9 3 8 11 1 2 12 6 
4 4 ['Dunster'] 5 6 3 12 2 8 11 10 4 9 1 7 
5 1 ['Lowell'] 4 12 8 11 10 1 9 2 3 5 6 7 
6 5 ['Winthrop'] 12 2 6 7 4 8 3 11 9 10 1 5 
7 1 ['Eliot'] 11 9 1 12 10 7 6 8 4 3 2 5 
8 6 ['Cabot'] 7 6 12 1 11 4 5 3 10 2 8 9 
9 6 ['Dunster'] 9 12 2 5 1 10 4 6 7 3 11 8 
10 7 ['Winthrop'] 6 5 7 12 9 11 10 2 3 8 4 1 
11 7 ['Cabot'] 11 7 12 2 10 4 9 8 1 6 3 5 
12 1 ['Dunster'] 1 5 7 3 11 2 10 9 8 4 12 6 
13 8 ['Lowell'] 10 2 12 8 6 4 11 5 1 7 9 3 
14 3 ['Adams'] 2 5 9 1 4 12 10 6 8 11 7 3 
15 6 ['Mather'] 4 10 12 11 3 1 8 5 7 6 9 2 
16 5 ['Kirkland'] 3 12 8 9 7 1 5 6 10 2 11 4 
17 5 ['Eliot'] 12 5 7 10 11 6 2 3 9 4 1 8 
18 4 ['Adams'] 5 11 4 8 10 2 1 6 3 7 12 9 
19 4 ['Mather'] 12 6 10 8 5 2 9 7 4 1 11 3 
20 8 ['Eliot'] 7 5 10 12 11 4 8 6 2 3 1 9 
21 5 ['Winthrop'] 4 3 11 8 10 2 7 1 6 9 12 5 
22 4 ['Quincy'] 5 12 8 3 9 6 4 10 11 1 7 2 
23 4 ['Currier'] 10 4 2 5 6 1 12 11 3 7 8 9 
24 6 ['Dunster'] 4 9 5 8 10 12 1 3 7 11 6 2 
25 4 ['Winthrop'] 2 4 6 1 7 12 8 3 5 11 9 10 
26 3 ['Lowell'] 3 6 7 12 8 10 5 1 4 2 11 9 
27 3 ['Lowell'] 10 9 12 11 5 2 3 4 6 8 1 7 
28 8 ['Mather'] 9 3 1 6 5 10 4 11 7 12 2 8 
29 7 ['Quincy'] 2 3 1 12 8 10 11 4 5 6 9 7 
30 4 ['Leverett'] 4 8 12 6 3 5 1 9 2 11 7 10 
31 7 ['Lowell'] 8 11 2 10 12 4 6 9 7 5 3 1 
32 4 ['Currier'] 5 7 10 12 8 1 11 9 2 3 6 4 
33 7 ['Cabot'] 9 2 12 7 5 10 8 1 4 3 6 11 
34 1 ['Mather'] 8 9 12 2 5 6 7 1 4 11 3 10 
35 7 ['Eliot'] 4 7 6 1 5 3 10 8 2 12 9 11 
36 1 ['Quincy'] 12 2 9 8 10 7 11 3 6 1 5 4 
37 1 ['Eliot'] 10 6 5 12 1 8 4 3 9 7 11 2 
38 3 ['Eliot'] 11 12 8 3 6 9 4 10 1 5 2 7 
39 3 ['Dunster'] 1 10 2 6 11 5 7 4 8 3 12 9 
40 2 ['Mather'] 12 10 8 11 5 2 9 6 7 3 1 4 
41 5 ['Cabot'] 5 1 3 6 11 12 4 2 9 10 7 8 
42 1 ['Pfoho'] 11 3 6 12 4 1 9 7 2 10 8 5 
43 7 ['Dunster'] 1 4 9 10 8 6 12 3 2 11 7 5 
44 8 ['Leverett'] 4 12 9 2 3 7 10 1 5 8 11 6 
45 3 ['Currier'] 9 4 6 10 3 7 11 8 2 12 5 1 
46 5 ['Currier'] 8 12 3 1 4 9 7 10 5 2 11 6 
47 1 ['Lowell'] 11 7 4 12 9 6 5 3 1 10 8 2 
48 2 ['Winthrop'] 11 5 10 2 4 8 3 12 9 6 1 7 
49 6 ['Dunster'] 5 11 6 2 10 9 1 8 7 3 4 12 
50 4 ['Leverett'] 2 6 8 10 3 5 4 9 1 11 7 12 
51 5 ['Pfoho'] 10 3 9 2 8 7 1 4 12 5 6 11 
52 7 ['Dunster'] 2 1 4 3 7 6 12 5 8 11 9 10 
53 8 ['Quincy'] 3 4 11 6 12 7 10 8 2 1 9 5 
54 3 ['Adams'] 12 7 5 9 1 6 3 10 4 8 11 2 
55 6 ['Eliot'] 10 2 11 5 1 7 8 6 3 12 4 9 
56 7 ['Currier'] 1 10 2 8 7 11 4 9 6 5 12 3 
57 6 ['Currier'] 2 6 5 1 3 7 4 10 9 11 8 12 
58 7 ['Kirkland'] 3 10 5 2 1 4 6 9 11 12 7 8 
59 5 ['Dunster'] 5 7 12 10 2 9 1 6 8 3 4 11 
60 3 ['Eliot'] 4 10 8 2 7 1 12 9 5 11 3 6 
61 2 ['Mather'] 9 11 6 12 7 3 1 5 8 2 10 4 
62 4 ['Lowell'] 3 6 8 10 5 2 11 12 9 1 7 4 
63 7 ['Leverett'] 2 11 5 10 7 3 12 8 4 1 6 9 
64 1 ['Eliot'] 1 2 10 9 11 5 4 6 12 8 3 7 
65 8 ['Eliot'] 1 5 12 3 8 2 7 10 6 9 4 11 
66 4 ['Winthrop'] 11 4 12 9 3 10 8 1 2 7 5 6 
67 5 ['Dunster'] 12 6 5 9 4 2 3 1 11 10 8 7 
68 2 ['Dunster'] 12 3 9 10 8 1 11 6 7 2 4 5 
69 5 ['Quincy'] 8 10 1 4 12 3 6 11 2 9 7 5 
70 8 ['Lowell'] 4 12 6 11 1 3 10 2 5 9 7 8 
71 7 ['Cabot'] 5 9 2 12 8 6 7 1 4 11 3 10 
72 3 ['Kirkland'] 12 5 4 9 11 3 8 10 2 1 6 7 
73 7 ['Eliot'] 12 7 4 2 9 6 5 10 11 1 3 8 
74 3 ['Leverett'] 8 10 1 2 5 6 11 9 4 12 3 7 
75 2 ['Cabot'] 4 11 12 3 1 5 7 10 2 6 9 8 
76 5 ['Dunster'] 4 11 5 6 10 2 3 7 9 12 8 1 
77 2 ['Mather'] 4 3 11 6 8 5 7 12 2 1 10 9 
78 6 ['Winthrop'] 11 12 10 9 4 1 5 3 7 6 8 2 
79 5 ['Winthrop'] 11 2 10 4 3 8 5 9 1 12 7 6 
80 1 ['Adams'] 5 12 1 11 9 3 6 8 7 4 10 2 
81 2 ['Quincy'] 9 5 8 6 1 4 11 12 2 3 10 7 
82 2 ['Adams'] 7 3 5 12 8 10 2 6 9 11 1 4 
83 4 ['Dunster'] 11 1 2 10 6 3 9 8 12 5 7 4 
84 4 ['Cabot'] 4 1 11 2 7 10 5 3 12 6 9 8 
85 5 ['Pfoho'] 11 2 6 9 1 7 8 10 5 3 12 4 
86 1 ['Kirkland'] 5 4 11 8 1 10 12 2 6 7 3 9 
87 3 ['Quincy'] 1 2 9 4 6 11 5 3 8 12 7 10 
88 7 ['Pfoho'] 11 7 10 1 4 6 9 2 5 3 12 8 
89 4 ['Leverett'] 10 11 4 2 7 12 3 6 8 1 9 5 
90 3 ['Quincy'] 6 12 5 3 1 10 9 7 2 4 8 11 
91 4 ['Dunster'] 12 5 6 3 7 9 11 10 1 4 8 2 
92 2 ['Lowell'] 2 12 5 11 1 9 10 4 8 6 3 7 
93 8 ['Currier'] 5 12 9 8 4 1 7 3 6 11 2 10 
94 1 ['Winthrop'] 3 6 11 12 4 7 10 2 8 1 9 5 
95 6 ['Leverett'] 8 2 6 4 5 1 7 12 10 3 9 11 
96 2 ['Mather'] 11 8 3 5 9 2 10 6 1 12 4 7 
97 3 ['Quincy'] 7 10 6 3 12 11 1 5 4 2 8 9 
98 1 ['Pfoho'] 5 3 11 8 12 9 1 10 4 6 7 2 
99 5 ['Eliot'] 11 1 9 12 2 7 4 10 3 6 5 8 
100 6 ['Lowell'] 3 10 2 4 9 6 11 5 12 1 8 7 
101 7 ['Lowell'] 10 5 7 3 9 8 1 2 4 12 6 11 
102 7 ['Lowell'] 7 12 1 6 10 8 2 11 4 9 5 3 
103 1 ['Leverett'] 11 6 7 4 10 5 8 9 2 1 3 12 
104 3 ['Dunster'] 9 12 6 10 8 11 5 1 4 7 2 3 
105 2 ['Adams'] 9 6 12 3 11 5 10 4 8 1 2 7 
106 4 ['Quincy'] 7 2 3 9 6 10 12 8 5 11 1 4 
107 3 ['Leverett'] 11 6 3 10 7 4 8 5 12 1 2 9 
108 1 ['Dunster'] 2 8 9 3 7 11 4 12 6 5 1 10 
109 2 ['Kirkland'] 11 9 10 5 2 7 8 4 6 12 3 1 
110 5 ['Leverett'] 12 5 4 6 8 7 2 9 1 10 11 3 
111 5 ['Kirkland'] 4 6 2 7 9 1 12 8 5 3 11 10 
112 6 ['Mather'] 6 1 4 9 11 2 10 5 3 7 12 8 
113 2 ['Leverett'] 10 4 12 1 11 3 7 2 8 5 6 9 
114 3 ['Adams'] 12 8 11 6 10 3 4 2 5 9 1 7 
115 2 ['Kirkland'] 10 1 4 5 2 9 11 6 3 7 8 12 
116 6 ['Lowell'] 9 12 6 8 3 4 11 5 7 10 1 2 
117 4 ['Quincy'] 7 2 6 9 8 3 10 1 4 5 11 12 
118 2 ['Leverett'] 9 4 6 7 3 5 1 8 10 12 11 2 
119 4 ['Kirkland'] 1 11 4 7 6 9 2 12 10 8 5 3 
120 4 ['Leverett'] 12 5 11 7 6 2 4 3 1 9 8 10 
121 3 ['Lowell'] 7 12 8 11 9 10 3 4 6 5 1 2 
122 4 ['Lowell'] 2 10 3 4 7 11 1 5 6 9 8 12 
123 7 ['Adams'] 3 4 8 12 5 6 2 1 11 7 9 10 
124 1 ['Dunster'] 12 10 2 9 3 7 6 4 1 8 5 11 
125 7 ['Adams'] 10 3 1 6 5 4 8 12 11 2 9 7 
126 7 ['Mather'] 7 3 6 2 9 11 1 5 8 4 10 12 
127 1 ['Eliot'] 6 5 1 4 7 8 2 11 3 10 12 9 
128 4 ['Adams'] 8 7 4 5 3 1 9 2 6 12 11 10 
129 8 ['Cabot'] 11 9 10 1 7 8 12 6 2 5 3 4 
130 4 ['Lowell'] 6 4 9 3 5 8 10 7 1 2 12 11 
131 3 ['Eliot'] 3 5 9 12 4 2 6 11 7 8 1 10 
132 4 ['Pfoho'] 10 4 3 5 9 7 11 6 2 12 8 1 
133 1 ['Kirkland'] 10 2 8 4 5 7 9 12 6 11 1 3 
134 4 ['Kirkland'] 6 4 1 5 8 11 3 10 7 9 12 2 
135 4 ['Kirkland'] 11 12 5 10 9 4 7 1 6 8 2 3 
136 4 ['Quincy'] 9 2 3 6 1 11 12 5 8 4 10 7 
137 5 ['Winthrop'] 4 8 2 1 3 10 6 11 5 12 9 7 
138 4 ['Pfoho'] 11 2 10 9 7 5 6 4 1 3 12 8 
139 5 ['Quincy'] 10 12 9 7 1 8 6 4 11 5 2 3 
140 4 ['Winthrop'] 5 12 7 8 2 1 3 11 6 9 4 10 
141 2 ['Adams'] 3 6 7 5 1 4 2 10 12 11 8 9 
142 8 ['Quincy'] 6 2 5 1 9 11 4 12 3 8 10 7 
143 5 ['Adams'] 5 6 12 11 7 1 3 8 2 9 4 10 
144 1 ['Adams'] 6 2 12 5 11 1 3 9 8 10 7 4 
145 3 ['Mather'] 5 9 4 6 1 2 10 3 11 8 12 7 
146 1 ['Dunster'] 3 1 2 5 8 10 9 7 4 11 12 6 
147 5 ['Lowell'] 2 6 1 7 12 8 9 3 5 11 10 4 
148 3 ['Quincy'] 8 7 10 5 12 1 9 6 11 3 4 2 
149 7 ['Mather'] 5 4 3 7 8 11 10 2 6 12 9 1 
150 1 ['Winthrop'] 11 9 3 5 4 6 7 2 1 12 10 8 
151 7 ['Cabot'] 2 8 3 6 10 11 1 12 7 9 5 4 
152 6 ['Currier'] 5 4 3 11 7 2 6 10 12 9 1 8 
153 3 ['Pfoho'] 6 4 11 10 2 5 1 8 9 3 7 12 
154 7 ['Adams'] 9 7 10 3 12 2 1 6 5 11 8 4 
155 8 ['Lowell'] 3 11 2 7 4 12 1 5 9 8 6 10 
156 8 ['Lowell'] 7 2 3 6 4 1 9 12 10 11 8 5 
157 1 ['Pfoho'] 4 2 5 7 3 12 1 8 10 6 11 9 
158 2 ['Adams'] 8 9 1 3 4 11 6 5 12 2 7 10 
159 6 ['Pfoho'] 4 2 10 12 9 11 8 6 7 5 3 1 
160 1 ['Eliot'] 1 6 7 10 8 11 12 4 3 9 2 5 
161 8 ['Dunster'] 12 11 9 6 7 1 8 5 3 4 10 2 
162 3 ['Kirkland'] 11 4 9 10 1 6 7 8 2 3 5 12 
163 7 ['Dunster'] 11 5 2 8 9 4 12 10 1 7 6 3 
164 5 ['Eliot'] 5 6 2 4 9 12 8 10 1 7 11 3 
165 4 ['Currier'] 3 7 6 12 8 10 5 1 2 11 4 9 
166 6 ['Cabot'] 12 7 5 8 9 6 11 1 4 2 10 3 
167 8 ['Lowell'] 9 7 6 5 4 2 10 12 3 8 11 1 
168 3 ['Mather'] 7 12 4 1 8 3 2 10 5 11 6 9 
169 3 ['Eliot'] 9 12 2 7 8 11 3 1 6 5 10 4 
170 8 ['Cabot'] 10 3 1 4 5 2 9 8 11 6 12 7 
171 1 ['Lowell'] 4 11 5 3 8 12 7 10 6 2 9 1 
172 4 ['Adams'] 2 9 12 11 1 4 7 5 3 10 8 6 
173 6 ['Winthrop'] 2 10 6 12 11 1 5 8 4 7 9 3 
174 6 ['Currier'] 1 12 3 6 9 11 5 4 2 8 7 10 
175 3 ['Cabot'] 5 7 1 12 10 4 8 2 3 6 9 11 
176 2 ['Cabot'] 1 12 2 6 7 8 9 5 3 11 4 10 
177 5 ['Currier'] 12 3 8 2 9 5 4 10 7 1 6 11 
178 7 ['Eliot'] 10 3 1 9 7 5 4 12 11 8 6 2 
179 4 ['Kirkland'] 8 4 3 1 6 7 9 2 10 5 12 11 
180 8 ['Mather'] 7 9 5 4 11 12 10 1 6 3 2 8 
181 4 ['Winthrop'] 2 4 11 1 9 5 6 12 8 7 10 3 
182 4 ['Adams'] 10 1 12 7 4 2 3 8 9 5 6 11 
183 6 ['Kirkland'] 9 11 4 1 3 7 5 2 12 6 10 8 
184 2 ['Cabot'] 7 4 6 2 1 3 5 11 10 9 12 8 
185 6 ['Currier'] 5 2 4 3 12 10 9 11 7 8 6 1 
186 8 ['Cabot'] 10 9 6 5 4 12 8 3 1 11 7 2 
187 3 ['Mather'] 12 3 10 4 2 6 9 11 5 8 1 7 
188 8 ['Eliot'] 3 12 10 5 2 11 6 9 4 1 8 7 
189 2 ['Winthrop'] 11 8 4 2 6 10 1 7 9 12 3 5 
190 7 ['Eliot'] 1 12 8 9 3 2 10 6 5 11 7 4 
191 4 ['Adams'] 4 12 9 2 3 8 1 11 7 10 5 6 
192 5 ['Dunster'] 6 8 9 7 10 5 12 3 1 2 11 4 
193 5 ['Dunster'] 10 6 1 3 11 9 4 7 8 12 5 2 
194 5 ['Eliot'] 3 6 12 4 2 7 5 11 9 10 8 1 
195 6 ['Cabot'] 7 12 8 9 4 1 10 11 2 3 5 6 
196 1 ['Pfoho'] 6 11 7 10 12 3 5 2 1 8 4 9 
197 1 ['Quincy'] 5 9 1 6 7 11 2 3 8 10 12 4 
198 1 ['Dunster'] 5 3 6 8 7 9 2 10 1 4 11 12 
199 3 ['Currier'] 4 11 5 12 7 3 10 2 9 8 6 1 
200 5 ['Eliot'] 5 6 3 2 8 1 4 12 11 9 10 7 
201 2 ['Currier'] 9 1 12 5 2 10 11 8 3 6 7 4 
202 4 ['Quincy'] 6 2 10 5 4 1 3 12 11 8 7 9 
203 1 ['Leverett'] 2 11 6 10 9 7 8 4 5 1 12 3 
204 8 ['Winthrop'] 11 7 10 2 5 6 12 4 8 3 9 1 
205 1 ['Currier'] 9 2 12 11 1 10 8 4 5 3 7 6 
206 5 ['Winthrop'] 3 4 2 10 12 6 8 11 9 7 5 1 
207 7 ['Winthrop'] 9 3 4 2 11 6 10 7 12 5 8 1 
208 8 ['Lowell'] 10 6 12 5 1 9 8 7 3 4 2 11 
209 7 ['Kirkland'] 3 4 12 9 8 2 6 7 5 1 11 10 
210 2 ['Currier'] 4 5 9 2 7 1 8 10 12 11 6 3 
211 3 ['Pfoho'] 12 2 1 8 3 5 6 11 4 10 7 9 
212 7 ['Winthrop'] 2 9 7 10 12 11 4 8 3 5 1 6 
213 6 ['Currier'] 7 10 5 4 12 8 6 1 3 11 9 2 
214 2 ['Kirkland'] 1 3 6 2 7 5 10 9 12 11 4 8 
215 8 ['Currier'] 1 6 3 10 8 11 2 7 5 12 4 9 
216 2 ['Eliot'] 9 1 11 4 6 3 8 2 12 10 5 7 
217 1 ['Kirkland'] 7 8 6 1 9 11 5 10 3 2 4 12 
218 7 ['Currier'] 3 9 5 12 4 8 7 1 2 11 6 10 
219 6 ['Quincy'] 7 11 12 2 3 8 4 5 9 1 6 10 
220 2 ['Quincy'] 5 10 6 7 1 9 4 8 11 2 3 12 
221 5 ['Dunster'] 6 12 11 7 1 2 10 4 9 8 5 3 
222 3 ['Cabot'] 1 9 12 8 3 2 6 5 7 4 11 10 
223 2 ['Dunster'] 2 11 3 6 4 12 10 8 1 5 7 9 
224 4 ['Winthrop'] 1 11 7 8 12 10 3 2 4 5 6 9 
225 6 ['Kirkland'] 7 2 8 5 11 10 6 12 1 3 4 9 
226 1 ['Leverett'] 12 3 4 9 5 1 6 10 11 2 8 7 
227 7 ['Winthrop'] 9 5 10 6 12 4 1 2 8 7 11 3 
228 6 ['Adams'] 11 12 4 8 5 1 2 7 6 3 10 9 
229 2 ['Mather'] 2 8 11 9 6 12 1 7 10 5 3 4 
230 6 ['Dunster'] 11 5 8 2 7 1 12 9 3 10 4 6 
231 8 ['Quincy'] 4 11 3 10 1 9 6 5 8 2 7 12 
232 4 ['Quincy'] 10 4 2 12 1 3 8 5 11 9 7 6 
233 2 ['Eliot'] 9 12 7 6 4 8 5 1 10 11 3 2 
234 4 ['Lowell'] 8 5 7 4 12 6 9 1 3 10 11 2 
235 3 ['Quincy'] 6 7 11 4 12 5 3 10 8 9 2 1 
236 4 ['Winthrop'] 2 7 12 1 8 11 6 9 4 10 3 5 
237 6 ['Pfoho'] 1 2 12 11 3 7 5 9 4 10 6 8 
238 7 ['Winthrop'] 9 7 11 12 3 1 2 8 4 6 10 5 
239 4 ['Lowell'] 4 5 6 2 10 11 9 7 12 8 1 3 
240 7 ['Quincy'] 6 11 5 9 12 4 3 1 10 2 8 7 
241 8 ['Winthrop'] 5 12 8 4 11 6 3 10 9 1 7 2 
242 8 ['Currier'] 12 8 11 7 10 9 2 3 1 5 6 4 
243 1 ['Eliot'] 3 10 2 9 11 6 7 1 8 12 4 5 
244 5 ['Dunster'] 1 6 10 11 9 3 7 5 4 8 12 2 
245 7 ['Winthrop'] 9 12 11 10 5 3 4 6 7 8 2 1 
246 2 ['Mather'] 8 12 9 10 2 11 5 3 1 7 4 6 
247 1 ['Kirkland'] 1 8 3 11 12 10 5 7 9 6 4 2 
248 1 ['Eliot'] 3 1 10 2 9 12 7 6 11 8 5 4 
249 5 ['Lowell'] 6 3 12 1 8 9 4 5 11 2 10 7 
250 8 ['Leverett'] 7 12 1 5 9 10 6 11 4 8 2 3 
251 8 ['Leverett'] 2 3 8 12 1 4 5 10 9 7 6 11 
252 8 ['Currier'] 5 10 1 2 12 7 11 3 6 8 4 9 
253 1 ['Lowell'] 7 3 12 4 11 1 8 5 6 2 10 9 
254 2 ['Eliot'] 9 4 2 7 6 3 1 10 12 5 8 11 
255 7 ['Eliot'] 8 3 10 12 4 11 9 1 2 5 7 6 
256 5 ['Pfoho'] 1 7 10 9 5 3 11 4 6 12 8 2 
257 7 ['Eliot'] 8 4 7 1 11 2 6 3 5 9 10 12 
258 2 ['Kirkland'] 12 9 8 11 2 5 4 10 6 7 3 1 
259 3 ['Winthrop'] 7 6 5 10 2 3 1 12 9 4 8 11 
260 3 ['Adams'] 5 10 12 4 8 6 11 2 1 9 3 7 
261 6 ['Adams'] 11 10 1 7 3 5 2 9 6 8 4 12 
262 2 ['Pfoho'] 1 10 3 4 8 5 7 11 9 6 12 2 
263 1 ['Winthrop'] 11 4 2 12 10 1 6 7 3 9 5 8 
264 4 ['Adams'] 2 9 8 1 4 6 10 3 12 7 11 5 
265 3 ['Mather'] 4 2 7 10 6 11 8 12 5 9 1 3 
266 4 ['Quincy'] 8 12 4 1 10 3 7 6 11 2 5 9 
267 4 ['Leverett'] 1 3 9 12 2 6 8 11 10 4 7 5 
268 7 ['Pfoho'] 2 10 7 8 3 4 5 1 6 12 9 11 
269 3 ['Leverett'] 2 12 3 5 4 6 8 1 11 10 9 7 
270 3 ['Currier'] 7 5 8 9 6 11 3 12 2 4 10 1 
271 8 ['Cabot'] 4 8 1 9 3 12 5 10 7 11 2 6 
272 5 ['Adams'] 11 10 12 2 1 3 6 9 5 8 4 7 
273 1 ['Quincy'] 6 9 10 8 4 7 1 12 11 2 5 3 
274 6 ['Cabot'] 3 11 5 12 2 8 4 6 1 10 9 7 
275 6 ['Leverett'] 8 9 11 1 12 10 3 6 7 2 5 4 
276 2 ['Lowell'] 8 12 4 6 11 1 10 9 3 5 2 7 
277 6 ['Kirkland'] 5 7 3 4 2 12 8 9 11 6 1 10 
278 7 ['Dunster'] 9 7 11 12 10 4 1 6 2 3 8 5 
279 4 ['Eliot'] 12 1 4 6 9 11 7 10 3 5 8 2 
280 2 ['Pfoho'] 7 3 1 9 4 8 6 2 12 10 11 5 
281 7 ['Cabot'] 10 5 6 3 4 2 11 8 7 12 1 9 
282 4 ['Leverett'] 11 12 5 1 3 4 2 8 9 10 6 7 
283 6 ['Cabot'] 9 10 4 1 3 2 8 11 6 5 12 7 
284 4 ['Pfoho'] 8 9 2 6 5 7 1 11 4 10 12 3 
285 1 ['Quincy'] 8 10 9 6 12 5 1 7 3 11 2 4 
286 7 ['Dunster'] 3 7 6 4 8 12 1 5 11 10 2 9 
287 2 ['Lowell'] 11 6 2 5 7 10 1 8 9 3 12 4 
288 5 ['Cabot'] 10 4 1 9 6 12 5 11 8 3 7 2 
289 3 ['Currier'] 8 11 2 5 7 1 10 12 4 9 3 6 
290 4 ['Leverett'] 3 7 11 1 12 10 8 4 6 9 2 5 
291 5 ['Quincy'] 6 5 2 4 10 9 8 12 7 3 1 11 
292 1 ['Kirkland'] 7 2 10 5 11 1 4 3 8 6 12 9 
293 4 ['Quincy'] 2 7 6 8 5 9 11 1 12 10 4 3 
294 4 ['Lowell'] 5 11 6 3 12 1 2 9 8 7 4 10 
295 1 ['Pfoho'] 11 1 6 3 5 12 10 4 8 2 7 9 
296 4 ['Winthrop'] 11 12 1 6 9 4 3 8 2 10 5 7 
297 3 ['Cabot'] 3 12 6 1 7 5 8 9 2 10 11 4 
298 2 ['Winthrop'] 6 12 8 4 11 9 10 7 1 5 3 2 
299 2 ['Leverett'] 9 5 11 1 10 7 8 4 2 12 3 6 
300 5 ['Currier'] 11 8 1 5 4 3 6 7 10 12 9 2 
301 7 ['Lowell'] 10 9 11 5 7 2 6 8 12 3 1 4 
302 5 ['Currier'] 7 12 9 1 3 11 5 8 6 10 2 4 
303 1 ['Cabot'] 3 9 4 5 8 12 7 6 11 1 2 10 
304 2 ['Currier'] 7 4 2 9 12 1 11 8 6 10 3 5 
305 7 ['Adams'] 10 9 3 5 4 7 1 8 6 12 2 11 
306 6 ['Kirkland'] 5 8 12 4 3 11 1 2 6 9 7 10 
307 8 ['Eliot'] 12 11 5 10 2 4 7 8 3 9 1 6 
308 3 ['Kirkland'] 8 2 1 5 11 6 10 4 7 9 12 3 
309 7 ['Kirkland'] 5 7 10 8 11 2 9 6 3 4 1 12 
310 4 ['Pfoho'] 8 3 10 1 11 7 4 5 2 6 9 12 
311 1 ['Lowell'] 12 5 3 2 10 1 4 7 9 6 8 11 
312 7 ['Kirkland'] 11 5 4 8 6 9 12 1 10 7 2 3 
313 4 ['Winthrop'] 12 7 6 8 10 11 3 4 2 9 5 1 
314 2 ['Mather'] 1 5 9 2 4 6 7 3 12 11 8 10 
315 1 ['Kirkland'] 12 3 2 6 8 9 5 10 1 11 4 7 
316 3 ['Lowell'] 9 7 8 10 3 1 6 11 2 12 5 4 
317 2 ['Leverett'] 10 5 12 11 1 9 8 2 4 3 6 7 
318 1 ['Adams'] 5 1 4 7 9 10 2 11 12 8 3 6 
319 2 ['Currier'] 9 10 4 12 11 8 3 5 6 2 7 1 
320 3 ['Mather'] 11 8 5 1 9 7 12 3 6 4 2 10 
321 6 ['Dunster'] 4 2 1 3 6 7 9 8 12 11 10 5 
322 3 ['Quincy'] 11 10 6 7 4 1 8 2 5 3 9 12 
323 7 ['Quincy'] 4 9 11 3 5 6 1 8 10 12 2 7 
324 4 ['Quincy'] 2 10 9 5 1 4 6 8 3 7 12 11 
325 7 ['Winthrop'] 10 3 1 4 9 12 7 5 2 8 6 11 
326 6 ['Quincy'] 7 9 3 11 8 4 1 6 10 5 2 12 
327 1 ['Dunster'] 6 10 12 9 4 2 11 5 7 8 1 3 
328 2 ['Pfoho'] 10 11 3 2 8 12 7 6 5 1 4 9 
329 4 ['Pfoho'] 5 10 2 6 1 3 7 12 4 11 9 8 
330 3 ['Pfoho'] 7 11 12 9 2 1 8 10 4 5 3 6 
331 1 ['Currier'] 2 1 8 7 11 4 5 6 3 9 12 10 
332 5 ['Cabot'] 11 5 3 12 1 9 8 2 4 7 6 10 
333 5 ['Leverett'] 6 3 10 1 5 2 12 11 9 8 7 4 
334 2 ['Cabot'] 6 12 2 1 10 9 8 5 3 4 7 11 
335 5 ['Eliot'] 4 11 1 7 12 10 2 3 9 6 8 5 
336 7 ['Mather'] 9 1 3 12 10 2 7 4 11 6 5 8 
337 4 ['Eliot'] 8 5 12 11 1 10 6 2 3 4 7 9 
338 8 ['Currier'] 6 3 8 9 5 12 11 1 7 2 10 4 
339 1 ['Winthrop'] 3 8 5 2 12 11 6 9 1 7 10 4 
340 1 ['Leverett'] 3 12 10 4 1 6 9 2 7 8 11 5 
341 7 ['Cabot'] 5 11 1 7 2 4 9 3 10 8 12 6 
342 7 ['Winthrop'] 10 8 9 12 1 3 6 5 11 7 4 2 
343 6 ['Quincy'] 1 3 9 12 11 6 2 7 8 5 10 4 
344 2 ['Eliot'] 7 3 1 12 4 6 2 8 10 5 11 9 
345 8 ['Adams'] 4 7 1 6 9 3 8 11 2 12 5 10 
346 3 ['Dunster'] 3 4 7 10 5 6 1 2 12 9 11 8 
347 7 ['Cabot'] 9 6 1 8 4 10 5 7 2 3 11 12 
348 7 ['Quincy'] 4 1 2 5 10 12 7 3 6 9 11 8 
349 4 ['Lowell'] 4 3 12 11 10 8 7 1 6 2 9 5 
350 6 ['Lowell'] 11 12 4 7 1 9 6 2 3 10 5 8 
351 5 ['Kirkland'] 6 4 5 12 3 7 10 8 9 11 2 1 
352 1 ['Pfoho'] 11 9 3 1 4 10 5 2 8 12 7 6 
353 2 ['Adams'] 9 3 11 10 1 4 12 2 6 5 8 7 
354 1 ['Winthrop'] 1 3 10 2 7 8 9 4 6 5 11 12 
355 6 ['Kirkland'] 12 8 6 11 7 9 1 5 2 10 4 3 
356 8 ['Lowell'] 4 6 2 9 3 8 1 5 10 7 11 12 
357 7 ['Eliot'] 3 10 6 4 12 11 2 8 7 9 5 1 
358 1 ['Lowell'] 11 4 7 2 6 1 8 9 10 3 12 5 
359 8 ['Quincy'] 10 2 7 12 9 4 8 5 3 1 6 11 
360 3 ['Quincy'] 10 12 5 11 7 2 4 3 1 8 6 9 
361 8 ['Winthrop'] 12 1 11 10 8 3 2 4 6 9 7 5 
362 7 ['Lowell'] 3 6 4 2 12 8 11 9 5 1 7 10 
363 1 ['Adams'] 8 4 5 7 1 12 9 3 2 10 6 11 
364 6 ['Dunster'] 11 7 9 3 10 5 8 2 12 1 6 4 
365 7 ['Dunster'] 5 2 8 9 3 4 12 11 1 6 7 10 
366 5 ['Lowell'] 7 1 6 4 12 9 11 10 2 8 5 3 
367 3 ['Dunster'] 6 10 3 11 2 9 7 5 4 12 1 8 
368 4 ['Cabot'] 12 6 11 2 8 9 4 1 10 3 7 5 
369 7 ['Currier'] 3 7 6 4 9 10 11 1 8 12 5 2 
370 2 ['Leverett'] 3 4 9 1 12 6 10 5 2 8 7 11 
371 6 ['Quincy'] 7 5 11 2 1 4 3 9 6 10 8 12 
372 8 ['Lowell'] 7 6 8 1 9 2 4 3 5 12 11 10 
373 1 ['Quincy'] 6 1 8 12 5 9 2 7 4 11 10 3 
374 1 ['Adams'] 4 8 10 2 1 3 5 9 11 6 12 7 
375 7 ['Kirkland'] 2 8 4 7 6 9 1 3 10 5 11 12 
376 5 ['Cabot'] 11 6 3 10 1 4 5 2 8 9 12 7 
377 8 ['Adams'] 10 8 4 3 7 9 12 1 6 11 5 2 
378 5 ['Winthrop'] 1 2 6 10 9 11 4 5 8 7 3 12 
379 7 ['Mather'] 10 9 3 11 5 12 7 8 1 6 4 2 
380 3 ['Winthrop'] 5 10 12 3 6 11 1 4 9 8 7 2 
381 2 ['Cabot'] 11 4 9 1 10 2 6 12 8 3 5 7 
382 7 ['Leverett'] 12 5 1 2 9 8 6 11 7 10 4 3 
383 2 ['Mather'] 5 1 3 12 11 10 2 7 9 4 8 6 
384 5 ['Mather'] 4 8 5 3 10 9 11 6 1 7 12 2 
385 7 ['Currier'] 1 4 11 7 9 8 3 6 2 5 10 12 
386 6 ['Pfoho'] 4 3 11 8 10 12 7 2 6 5 1 9 
387 6 ['Winthrop'] 2 10 3 6 12 4 11 9 8 7 5 1 
388 3 ['Leverett'] 9 12 1 11 6 10 2 3 5 4 7 8 
389 3 ['Currier'] 11 8 9 4 5 3 12 1 2 10 7 6 
390 4 ['Winthrop'] 3 1 2 5 12 6 10 11 9 8 7 4 
391 8 ['Dunster'] 11 2 12 5 3 10 7 9 8 4 6 1 
392 8 ['Leverett'] 1 4 3 7 2 11 12 6 9 5 8 10 
393 2 ['Pfoho'] 3 4 8 2 12 1 5 10 7 11 9 6 
394 6 ['Dunster'] 6 9 4 12 11 10 3 1 7 2 8 5 
395 1 ['Adams'] 3 2 7 12 11 4 5 8 1 9 6 10 
396 3 ['Winthrop'] 4 6 12 1 10 9 8 7 2 3 5 11 
397 7 ['Kirkland'] 6 9 2 4 8 12 7 3 11 5 10 1 
398 7 ['Pfoho'] 5 7 12 8 2 9 4 6 10 3 11 1 
399 3 ['Lowell'] 6 3 7 5 10 11 9 8 2 1 12 4 
