0 4 ['Adams'] 1 10 8 7 11 9 5 2 4 6 3 12 
1 3 ['Leverett'] 2 11 9 5 10 7 6 4 8 12 3 1 
2 4 ['Adams'] 1 5 6 8 3 11 2 4 9 10 12 7 
3 5 ['Currier'] 8 3 1 5 12 10 6 4 11 9 7 2 
4 5 ['Dunster'] 9 1 7 6 2 5 10 11 8 12 4 3 
5 2 ['Dunster'] 9 12 10 11 8 1 5 3 7 4 2 6 
6 6 ['Cabot'] 9 12 6 10 8 4 11 1 2 3 7 5 
7 2 ['Eliot'] 1 2 9 11 6 5 12 10 3 8 7 4 
8 8 ['Quincy'] 7 10 8 1 3 5 12 2 6 11 9 4 
9 8 ['Pfoho'] 1 11 3 2 7 10 4 12 9 5 8 6 
10 7 ['Eliot'] 10 12 9 8 7 3 11 1 4 5 2 6 
11 7 ['Currier'] 6 3 4 2 9 8 11 1 10 5 12 7 
12 6 ['Pfoho'] 5 12 7 6 11 2 4 10 8 3 9 1 
13 1 ['Winthrop'] 6 2 10 4 7 11 5 8 3 1 12 9 
14 1 ['Pfoho'] 12 2 6 11 1 4 8 7 5 9 10 3 
15 8 ['Quincy'] 5 2 3 6 10 8 4 12 7 1 9 11 
16 2 ['Mather'] 7 6 9 12 10 4 5 8 11 1 3 2 
17 6 ['Dunster'] 12 6 2 5 10 1 4 7 3 11 8 9 
18 3 ['Kirkland'] 2 10 7 4 1 8 3 9 5 6 12 11 
19 2 ['Quincy'] 10 6 3 8 12 7 4 9 11 5 2 1 
20 5 ['Currier'] 3 6 9 4 10 8 12 1 11 5 2 7 
21 1 ['Adams'] 1 8 6 2 5 3 12 9 7 10 4 11 
22 6 ['Winthrop'] 6 12 5 10 8 3 2 1 4 9 11 7 
23 5 ['Kirkland'] 5 4 9 11 8 6 3 1 2 10 12 7 
24 7 ['Currier'] 9 11 10 4 5 12 7 3 8 2 1 6 
25 2 ['Eliot'] 3 11 9 12 7 8 1 10 4 2 6 5 
26 7 ['Cabot'] 9 3 2 5 7 6 8 4 11 1 10 12 
27 2 ['Lowell'] 1 11 10 8 4 2 9 6 5 12 7 3 
28 1 ['Lowell'] 7 5 1 2 10 8 12 11 3 9 6 4 
29 8 ['Winthrop'] 4 5 3 8 1 10 11 2 9 6 7 12 
30 2 ['Cabot'] 4 11 3 8 10 12 7 6 1 5 9 2 
31 1 ['Mather'] 7 5 9 3 4 12 6 11 2 8 10 1 
32 1 ['Lowell'] 11 8 12 4 9 1 3 7 2 6 10 5 
33 5 ['Lowell'] 6 11 10 7 3 5 9 12 4 1 2 8 
34 8 ['Kirkland'] 7 9 8 3 5 11 6 4 1 12 2 10 
35 1 ['Cabot'] 11 10 3 1 7 12 8 4 2 9 5 6 
36 5 ['Kirkland'] 6 11 7 10 9 5 2 4 1 8 12 3 
37 8 ['Currier'] 7 1 2 9 8 5 6 4 11 10 3 12 
38 5 ['Eliot'] 10 12 9 11 5 7 8 2 3 6 4 1 
39 2 ['Lowell'] 11 1 6 10 8 12 9 2 7 3 5 4 
40 1 ['Pfoho'] 3 10 9 2 11 7 12 5 6 1 4 8 
41 4 ['Eliot'] 10 8 12 4 3 11 7 5 6 1 9 2 
42 3 ['Currier'] 4 2 3 8 1 10 5 6 12 7 11 9 
43 5 ['Adams'] 3 12 11 9 5 10 4 7 2 6 8 1 
44 5 ['Winthrop'] 9 6 7 2 11 5 12 4 1 10 3 8 
45 3 ['Cabot'] 6 12 9 3 11 2 4 5 8 1 7 10 
46 5 ['Cabot'] 8 10 5 3 6 11 9 12 7 2 4 1 
47 7 ['Currier'] 4 2 5 1 9 8 7 3 12 10 11 6 
48 8 ['Adams'] 11 8 6 9 7 10 4 3 2 12 5 1 
49 4 ['Leverett'] 11 9 1 6 5 7 2 12 8 3 10 4 
50 8 ['Lowell'] 10 1 5 8 7 11 3 6 12 4 2 9 
51 3 ['Currier'] 1 2 11 12 5 3 7 8 6 4 10 9 
52 1 ['Leverett'] 6 1 11 7 2 12 3 4 8 10 5 9 
53 7 ['Lowell'] 4 6 7 1 9 5 8 3 2 10 12 11 
54 6 ['Adams'] 9 11 8 4 5 3 6 12 7 1 10 2 
55 8 ['Pfoho'] 2 1 10 12 9 8 6 3 7 4 11 5 
56 7 ['Lowell'] 1 6 11 12 3 7 10 9 2 8 5 4 
57 7 ['Winthrop'] 2 7 6 5 8 1 11 3 9 4 12 10 
58 4 ['Kirkland'] 2 4 1 7 5 8 12 3 9 6 10 11 
59 5 ['Kirkland'] 3 2 5 12 4 1 11 10 7 6 9 8 
60 6 ['Kirkland'] 5 6 8 4 1 9 3 10 7 12 11 2 
61 3 ['Mather'] 8 9 10 2 12 3 5 1 11 6 7 4 
62 1 ['Leverett'] 3 6 2 8 12 7 1 4 11 9 5 10 
63 3 ['Lowell'] 12 5 4 7 11 1 9 2 10 6 3 8 
64 6 ['Leverett'] 2 4 1 11 10 9 3 5 6 12 7 8 
65 1 ['Quincy'] 1 2 10 7 3 4 11 8 5 9 6 12 
66 2 ['Cabot'] 9 12 8 3 7 4 10 1 6 5 11 2 
67 3 ['Winthrop'] 6 10 12 7 9 11 2 1 8 4 5 3 
68 4 ['Winthrop'] 5 2 12 11 10 9 4 6 1 7 8 3 
69 7 ['Kirkland'] 11 7 10 3 4 8 12 5 9 6 2 1 
70 1 ['Eliot'] 11 1 2 10 9 12 4 8 7 5 3 6 
71 7 ['Dunster'] 5 9 6 4 1 10 2 7 3 11 12 8 
72 7 ['Leverett'] 1 12 8 6 10 4 5 11 7 3 9 2 
73 1 ['Cabot'] 7 12 11 5 2 1 8 3 10 4 9 6 
74 1 ['Winthrop'] 3 5 2 12 6 8 4 1 10 11 7 9 
75 4 ['Winthrop'] 6 12 1 3 11 2 5 10 8 4 9 7 
76 6 ['Lowell'] 5 9 1 8 7 6 11 3 4 10 12 2 
77 7 ['Adams'] 8 1 3 6 2 11 5 9 12 7 10 4 
78 3 ['Lowell'] 4 6 8 3 9 5 1 7 11 2 10 12 
79 7 ['Dunster'] 11 10 3 6 2 5 1 8 7 9 12 4 
80 2 ['Leverett'] 9 6 12 2 7 11 10 5 3 8 1 4 
81 8 ['Kirkland'] 11 10 1 9 4 12 7 2 3 5 8 6 
82 4 ['Quincy'] 5 2 9 6 8 1 12 11 7 4 3 10 
83 3 ['Dunster'] 10 4 2 3 7 12 11 1 5 8 6 9 
84 8 ['Dunster'] 4 3 2 1 11 6 9 10 12 7 8 5 
85 1 ['Winthrop'] 5 9 1 11 7 4 8 10 12 3 2 6 
86 2 ['Cabot'] 1 3 5 9 10 6 7 11 8 2 4 12 
87 8 ['Currier'] 5 2 7 3 11 12 9 10 6 1 8 4 
88 8 ['Pfoho'] 12 3 5 8 1 7 6 9 2 4 11 10 
89 7 ['Lowell'] 1 7 12 10 5 11 8 4 2 6 3 9 
90 2 ['Leverett'] 4 1 2 8 5 12 9 11 3 10 7 6 
91 6 ['Dunster'] 1 8 11 9 2 12 6 10 4 3 5 7 
92 7 ['Winthrop'] 5 6 10 7 3 8 12 2 1 9 11 4 
93 5 ['Mather'] 5 8 10 2 7 12 11 1 4 3 6 9 
94 6 ['Adams'] 6 10 1 8 9 4 7 5 12 3 2 11 
95 3 ['Adams'] 10 9 2 11 4 5 7 1 12 3 8 6 
96 1 ['Mather'] 12 8 2 1 11 4 10 3 7 5 6 9 
97 6 ['Cabot'] 7 10 4 8 2 11 12 5 3 1 9 6 
98 4 ['Lowell'] 6 2 3 9 10 4 12 8 7 11 5 1 
99 8 ['Eliot'] 11 4 6 2 5 12 7 8 1 10 3 9 
100 7 ['Eliot'] 8 12 1 6 4 11 3 10 2 7 9 5 
101 3 ['Winthrop'] 5 1 10 6 11 12 4 3 8 2 9 7 
102 1 ['Adams'] 1 10 7 11 5 9 12 2 6 3 8 4 
103 2 ['Quincy'] 8 10 5 9 2 1 3 4 12 7 11 6 
104 4 ['Kirkland'] 5 11 7 3 10 6 9 4 8 2 12 1 
105 3 ['Dunster'] 10 11 2 9 7 5 6 12 3 1 4 8 
106 3 ['Winthrop'] 4 1 3 10 2 7 11 12 9 6 8 5 
107 8 ['Eliot'] 6 10 12 8 2 9 5 4 11 3 1 7 
108 5 ['Adams'] 11 6 8 4 1 9 7 5 12 2 3 10 
109 3 ['Cabot'] 7 6 11 5 2 9 10 12 8 3 4 1 
110 8 ['Leverett'] 6 12 10 5 3 7 11 9 2 4 1 8 
111 2 ['Quincy'] 11 9 8 1 12 7 3 6 10 5 2 4 
112 6 ['Adams'] 2 12 10 8 1 9 4 6 11 5 3 7 
113 5 ['Cabot'] 1 10 12 3 5 8 7 4 9 2 11 6 
114 2 ['Dunster'] 5 12 9 4 10 6 1 11 2 8 3 7 
115 6 ['Mather'] 4 12 1 7 2 5 9 6 3 8 11 10 
116 5 ['Dunster'] 6 2 10 7 3 1 12 9 4 5 11 8 
117 6 ['Adams'] 6 1 10 8 5 2 3 12 9 11 7 4 
118 7 ['Eliot'] 9 11 8 12 6 10 4 5 2 7 3 1 
119 2 ['Lowell'] 8 12 2 4 10 6 3 9 7 1 11 5 
120 5 ['Adams'] 3 7 8 4 1 5 11 9 2 10 12 6 
121 1 ['Mather'] 2 3 7 9 8 10 11 1 12 6 5 4 
122 1 ['Leverett'] 9 5 8 3 6 7 1 11 4 2 10 12 
123 3 ['Dunster'] 10 12 6 5 4 2 8 9 1 11 3 7 
124 5 ['Cabot'] 6 10 2 3 11 9 7 12 4 5 8 1 
125 1 ['Cabot'] 5 1 4 3 11 10 9 8 12 7 6 2 
126 3 ['Currier'] 1 5 8 9 12 7 4 11 2 3 10 6 
127 8 ['Mather'] 10 9 3 6 4 7 1 12 11 5 8 2 
128 2 ['Lowell'] 8 1 6 12 5 7 10 3 9 2 4 11 
129 7 ['Lowell'] 4 3 2 7 12 6 1 8 5 11 9 10 
130 8 ['Lowell'] 1 3 10 4 7 2 6 5 9 11 12 8 
131 8 ['Pfoho'] 10 8 2 1 9 5 7 12 6 4 3 11 
132 7 ['Eliot'] 10 12 6 5 7 1 3 8 4 2 11 9 
133 4 ['Mather'] 3 5 1 2 7 11 6 10 12 8 4 9 
134 6 ['Currier'] 3 4 12 11 6 10 7 9 1 8 2 5 
135 7 ['Mather'] 9 11 7 10 5 3 12 2 4 1 8 6 
136 1 ['Mather'] 1 10 9 8 7 5 4 2 12 3 6 11 
137 4 ['Dunster'] 4 7 8 6 5 10 3 9 12 1 2 11 
138 7 ['Pfoho'] 8 11 5 10 4 6 1 12 3 9 2 7 
139 6 ['Cabot'] 4 12 10 5 1 2 9 7 11 6 3 8 
140 7 ['Winthrop'] 4 3 12 7 10 1 2 5 11 9 6 8 
141 3 ['Eliot'] 1 7 5 9 6 3 2 8 12 4 10 11 
142 6 ['Eliot'] 1 7 6 3 4 8 11 5 9 12 10 2 
143 5 ['Eliot'] 9 10 3 2 8 1 5 12 4 11 7 6 
144 1 ['Adams'] 7 9 2 4 12 6 1 5 11 10 3 8 
145 7 ['Dunster'] 9 3 12 6 2 1 5 4 10 11 7 8 
146 1 ['Pfoho'] 8 11 12 2 5 9 6 1 4 7 10 3 
147 7 ['Winthrop'] 4 8 11 12 1 6 3 5 2 10 7 9 
148 3 ['Leverett'] 8 2 4 5 3 1 9 6 12 11 7 10 
149 1 ['Lowell'] 8 2 12 10 5 9 7 11 4 6 1 3 
150 1 ['Eliot'] 10 11 9 6 1 7 12 4 2 5 8 3 
151 6 ['Pfoho'] 9 11 12 6 4 2 5 10 7 8 1 3 
152 4 ['Currier'] 3 6 7 5 1 9 4 10 2 11 8 12 
153 4 ['Kirkland'] 11 5 1 3 12 10 9 4 2 8 7 6 
154 7 ['Pfoho'] 9 5 12 6 1 3 2 8 7 11 10 4 
155 2 ['Dunster'] 5 8 2 4 9 12 11 1 10 3 7 6 
156 2 ['Kirkland'] 9 8 6 11 1 10 12 4 5 7 2 3 
157 3 ['Quincy'] 6 9 12 3 8 1 5 4 10 11 7 2 
158 7 ['Cabot'] 3 11 9 1 6 8 10 5 12 4 2 7 
159 5 ['Kirkland'] 3 5 2 10 12 9 8 6 7 4 1 11 
160 7 ['Quincy'] 12 3 8 11 9 5 4 1 2 7 10 6 
161 7 ['Mather'] 3 10 2 6 11 9 7 1 5 12 4 8 
162 4 ['Lowell'] 11 1 2 12 4 9 5 3 6 8 7 10 
163 8 ['Quincy'] 7 5 12 3 1 10 2 9 4 8 6 11 
164 2 ['Adams'] 3 1 10 6 2 5 9 4 12 11 8 7 
165 4 ['Quincy'] 8 3 10 5 4 6 11 2 12 1 9 7 
166 8 ['Leverett'] 4 5 12 8 3 6 11 2 7 10 9 1 
167 5 ['Cabot'] 3 6 7 10 4 11 8 12 1 5 9 2 
168 6 ['Quincy'] 5 1 10 9 7 6 4 11 12 2 8 3 
169 7 ['Adams'] 10 9 5 11 1 7 6 2 8 3 4 12 
170 1 ['Mather'] 6 9 11 2 7 5 3 12 4 8 1 10 
171 6 ['Quincy'] 12 9 2 11 7 6 1 5 3 10 8 4 
172 2 ['Winthrop'] 9 4 11 7 2 3 6 12 1 8 10 5 
173 5 ['Winthrop'] 5 4 7 3 2 8 10 11 12 1 9 6 
174 6 ['Lowell'] 8 6 7 2 9 1 10 11 12 3 4 5 
175 5 ['Cabot'] 7 3 12 11 5 6 1 8 2 4 10 9 
176 8 ['Eliot'] 3 4 12 11 7 10 9 8 5 1 2 6 
177 5 ['Pfoho'] 8 9 2 1 7 10 6 5 12 11 4 3 
178 1 ['Eliot'] 3 1 7 12 6 4 10 9 2 8 5 11 
179 4 ['Dunster'] 5 7 11 8 9 6 10 3 4 1 2 12 
180 3 ['Eliot'] 4 12 11 3 9 1 8 2 6 7 5 10 
181 4 ['Cabot'] 9 12 2 6 10 7 8 4 3 11 5 1 
182 8 ['Dunster'] 12 9 7 3 2 6 8 1 4 11 5 10 
183 5 ['Eliot'] 8 1 3 12 7 9 5 11 4 10 2 6 
184 3 ['Quincy'] 4 5 12 2 9 6 7 8 3 10 1 11 
185 2 ['Cabot'] 5 10 2 3 12 6 1 4 11 9 8 7 
186 1 ['Lowell'] 12 7 11 3 5 4 1 8 9 6 10 2 
187 8 ['Pfoho'] 9 2 12 1 7 8 10 3 6 4 11 5 
188 2 ['Adams'] 4 6 3 7 12 8 10 2 5 9 11 1 
189 4 ['Winthrop'] 12 5 4 11 1 3 10 2 8 6 7 9 
190 4 ['Mather'] 8 9 3 2 6 4 10 11 7 5 12 1 
191 5 ['Winthrop'] 10 2 8 1 12 9 11 5 3 4 7 6 
192 5 ['Adams'] 10 8 4 6 7 1 9 3 12 5 11 2 
193 8 ['Dunster'] 2 1 11 3 9 6 4 5 7 10 8 12 
194 3 ['Dunster'] 12 4 10 6 8 2 9 5 1 11 3 7 
195 5 ['Currier'] 6 7 3 5 4 1 12 2 11 10 9 8 
196 2 ['Quincy'] 6 7 2 3 10 4 12 8 11 9 5 1 
197 5 ['Leverett'] 11 3 8 5 12 9 7 1 10 2 6 4 
198 3 ['Cabot'] 12 9 8 11 3 7 4 2 5 6 10 1 
199 2 ['Quincy'] 6 12 9 8 3 11 2 10 4 1 7 5 
200 6 ['Adams'] 8 12 4 1 9 2 10 6 11 7 5 3 
201 7 ['Cabot'] 12 2 6 3 8 7 10 4 1 5 11 9 
202 1 ['Winthrop'] 6 5 8 1 2 9 11 12 4 3 10 7 
203 3 ['Mather'] 4 6 11 10 1 7 5 12 3 9 2 8 
204 4 ['Dunster'] 7 6 12 11 1 2 5 9 8 10 4 3 
205 2 ['Lowell'] 4 7 9 5 3 6 10 12 8 11 2 1 
206 1 ['Leverett'] 9 10 11 3 2 1 7 6 12 4 8 5 
207 6 ['Lowell'] 3 9 10 12 7 1 4 5 11 6 2 8 
208 3 ['Eliot'] 12 6 11 1 5 9 7 8 4 2 10 3 
209 6 ['Currier'] 2 11 3 8 5 6 12 4 1 9 10 7 
210 8 ['Dunster'] 6 1 4 7 9 5 8 3 12 2 11 10 
211 8 ['Mather'] 8 7 5 12 10 4 6 11 9 2 1 3 
212 8 ['Eliot'] 9 1 10 7 12 8 3 2 4 11 5 6 
213 3 ['Kirkland'] 10 8 1 11 7 4 5 6 2 9 3 12 
214 1 ['Adams'] 6 10 1 2 12 5 3 4 9 7 11 8 
215 4 ['Mather'] 7 8 9 3 6 4 12 10 11 5 1 2 
216 5 ['Leverett'] 6 5 3 1 10 4 7 2 9 12 8 11 
217 1 ['Winthrop'] 4 3 1 10 5 7 6 8 11 9 12 2 
218 8 ['Eliot'] 10 9 8 3 4 5 12 7 2 6 1 11 
219 8 ['Dunster'] 4 1 11 8 2 5 3 7 10 6 12 9 
220 1 ['Adams'] 12 3 5 9 1 7 11 2 10 8 4 6 
221 1 ['Mather'] 8 11 5 2 3 4 1 12 9 10 7 6 
222 2 ['Winthrop'] 7 10 8 3 12 1 6 11 5 2 9 4 
223 3 ['Lowell'] 9 11 7 1 3 10 5 4 12 8 6 2 
224 2 ['Eliot'] 5 4 6 9 8 2 7 11 3 1 12 10 
225 8 ['Dunster'] 12 11 9 1 3 4 8 10 7 2 5 6 
226 1 ['Winthrop'] 6 3 1 2 12 7 4 10 11 9 8 5 
227 7 ['Winthrop'] 2 11 5 4 7 12 9 10 6 8 3 1 
228 4 ['Kirkland'] 7 2 9 8 12 4 11 1 10 6 5 3 
229 5 ['Winthrop'] 2 10 8 11 12 5 9 6 7 4 3 1 
230 7 ['Winthrop'] 5 9 1 8 10 6 4 7 11 2 12 3 
231 5 ['Quincy'] 6 2 12 1 9 4 5 11 10 3 8 7 
232 7 ['Currier'] 10 5 9 7 8 1 2 6 3 12 11 4 
233 7 ['Eliot'] 4 11 9 12 10 1 6 2 3 5 7 8 
234 6 ['Lowell'] 5 11 4 9 6 10 12 1 8 7 2 3 
235 1 ['Currier'] 12 1 3 4 5 8 11 2 7 10 6 9 
236 2 ['Mather'] 9 10 3 2 6 7 8 12 4 1 5 11 
237 1 ['Mather'] 6 1 9 7 11 12 8 5 10 4 3 2 
238 3 ['Leverett'] 2 10 6 3 8 4 12 7 1 5 9 11 
239 1 ['Cabot'] 11 6 9 12 5 8 10 7 4 2 1 3 
240 8 ['Currier'] 2 8 3 4 12 7 9 5 1 6 11 10 
241 3 ['Adams'] 8 11 7 9 3 12 10 6 1 4 5 2 
242 4 ['Leverett'] 10 8 11 6 4 1 7 3 12 2 5 9 
243 3 ['Mather'] 6 7 4 10 5 3 8 1 11 9 12 2 
244 3 ['Mather'] 9 11 6 8 1 4 7 3 12 2 10 5 
245 3 ['Winthrop'] 9 12 11 4 5 3 8 7 6 10 2 1 
246 8 ['Leverett'] 12 11 10 4 6 5 3 2 9 7 8 1 
247 4 ['Dunster'] 12 6 8 2 5 9 3 4 10 1 11 7 
248 3 ['Eliot'] 2 3 9 12 1 7 11 10 5 8 6 4 
249 7 ['Eliot'] 1 11 3 4 6 9 12 8 10 2 7 5 
250 3 ['Adams'] 5 2 12 1 9 10 3 4 8 11 7 6 
251 8 ['Lowell'] 12 3 9 10 8 7 6 2 1 4 5 11 
252 3 ['Mather'] 2 10 9 6 8 3 4 1 5 11 12 7 
253 5 ['Dunster'] 8 5 3 11 12 10 6 4 7 1 9 2 
254 1 ['Adams'] 11 4 7 6 12 2 8 1 10 9 3 5 
255 7 ['Lowell'] 5 3 1 7 11 12 2 8 9 4 6 10 
256 4 ['Currier'] 11 9 1 10 2 3 8 5 6 7 4 12 
257 8 ['Lowell'] 1 5 2 6 10 8 9 7 3 4 12 11 
258 5 ['Leverett'] 6 2 9 12 11 8 10 3 5 4 7 1 
259 5 ['Currier'] 6 7 10 3 9 11 12 4 2 5 8 1 
260 7 ['Winthrop'] 10 3 7 11 9 4 5 12 6 1 2 8 
261 3 ['Lowell'] 8 5 4 1 7 3 11 2 10 6 9 12 
262 6 ['Lowell'] 11 12 5 7 10 9 4 3 1 6 8 2 
263 6 ['Pfoho'] 2 3 4 9 8 6 10 7 11 12 5 1 
264 6 ['Winthrop'] 3 5 11 8 1 2 4 9 6 12 10 7 
265 2 ['Pfoho'] 7 9 1 12 3 4 8 5 2 11 6 10 
266 3 ['Cabot'] 6 11 5 3 8 2 4 1 10 9 7 12 
267 2 ['Winthrop'] 12 11 9 8 5 4 7 1 6 10 2 3 
268 3 ['Winthrop'] 8 10 4 11 7 1 9 3 2 6 5 12 
269 6 ['Adams'] 11 10 4 6 1 5 3 12 9 2 8 7 
270 1 ['Dunster'] 9 1 11 12 3 7 8 4 6 2 5 10 
271 8 ['Cabot'] 7 8 6 3 5 4 2 11 9 10 1 12 
272 2 ['Currier'] 11 4 12 5 8 2 7 9 3 6 1 10 
273 5 ['Leverett'] 2 7 8 3 9 4 6 10 12 1 5 11 
274 4 ['Kirkland'] 6 1 2 4 12 9 8 11 5 3 10 7 
275 4 ['Lowell'] 8 12 2 10 11 3 4 5 7 1 6 9 
276 6 ['Kirkland'] 3 2 8 7 11 10 5 6 12 1 9 4 
277 4 ['Dunster'] 4 3 5 10 2 9 11 8 7 12 1 6 
278 4 ['Kirkland'] 8 7 12 11 5 6 9 4 1 10 2 3 
279 1 ['Dunster'] 1 4 8 10 5 7 11 9 2 6 12 3 
280 2 ['Cabot'] 3 9 10 4 5 11 12 2 8 6 1 7 
281 3 ['Adams'] 2 8 5 9 12 4 3 7 10 11 1 6 
282 2 ['Dunster'] 8 7 11 10 9 3 2 12 6 4 5 1 
283 8 ['Mather'] 2 10 4 11 12 6 1 5 9 8 3 7 
284 6 ['Cabot'] 12 11 10 1 2 6 3 5 8 7 9 4 
285 4 ['Cabot'] 4 9 5 1 8 10 12 3 7 6 11 2 
286 3 ['Adams'] 3 11 6 7 10 1 8 4 12 5 9 2 
287 2 ['Cabot'] 5 3 8 4 7 2 12 6 11 9 10 1 
288 3 ['Lowell'] 4 11 7 3 12 9 5 6 2 1 8 10 
289 5 ['Currier'] 5 4 8 9 3 10 2 12 1 11 7 6 
290 5 ['Cabot'] 1 12 8 5 11 2 7 9 10 6 3 4 
291 1 ['Leverett'] 6 2 7 3 4 9 11 10 8 1 5 12 
292 2 ['Eliot'] 3 5 8 11 1 9 7 10 6 2 4 12 
293 8 ['Quincy'] 12 2 8 6 9 7 3 5 11 10 4 1 
294 1 ['Mather'] 11 9 2 10 1 5 7 4 3 8 12 6 
295 6 ['Pfoho'] 5 2 1 11 8 12 4 3 6 7 10 9 
296 1 ['Kirkland'] 6 1 8 5 2 12 4 10 11 7 3 9 
297 2 ['Adams'] 1 6 9 3 2 12 4 7 5 8 10 11 
298 2 ['Dunster'] 4 2 11 3 7 9 10 1 5 8 12 6 
299 3 ['Mather'] 3 5 6 9 11 7 8 2 1 4 12 10 
300 5 ['Quincy'] 3 12 5 1 8 6 2 7 10 9 4 11 
301 8 ['Quincy'] 9 8 10 3 12 1 7 2 5 11 4 6 
302 3 ['Winthrop'] 1 6 3 9 12 5 11 10 7 4 8 2 
303 3 ['Currier'] 10 3 2 1 7 9 5 4 6 8 12 11 
304 1 ['Dunster'] 7 5 2 10 8 12 6 4 3 9 11 1 
305 8 ['Winthrop'] 8 3 2 9 6 10 7 4 11 5 12 1 
306 7 ['Adams'] 7 1 8 4 10 2 12 9 3 11 5 6 
307 8 ['Lowell'] 10 5 9 4 11 1 12 3 2 6 7 8 
308 5 ['Currier'] 7 3 2 12 9 11 1 6 10 8 5 4 
309 1 ['Kirkland'] 2 11 7 10 12 1 6 4 9 3 8 5 
310 6 ['Mather'] 3 9 12 10 6 7 5 1 4 11 8 2 
311 7 ['Mather'] 11 2 12 10 5 8 4 9 6 3 1 7 
312 7 ['Quincy'] 10 2 1 11 12 6 3 9 8 4 7 5 
313 6 ['Cabot'] 12 10 3 8 2 5 6 1 9 11 7 4 
314 5 ['Quincy'] 7 2 6 5 3 12 11 4 9 8 1 10 
315 3 ['Winthrop'] 2 11 1 4 8 6 10 3 7 12 9 5 
316 2 ['Adams'] 3 2 7 6 9 12 8 4 1 10 11 5 
317 4 ['Kirkland'] 4 3 7 9 1 12 5 6 2 8 10 11 
318 6 ['Currier'] 12 4 8 2 10 5 6 11 1 7 9 3 
319 7 ['Adams'] 6 10 7 11 9 8 2 4 1 3 5 12 
320 8 ['Pfoho'] 9 1 4 11 6 2 8 3 10 5 7 12 
321 8 ['Mather'] 8 2 1 6 3 12 11 9 10 5 7 4 
322 3 ['Leverett'] 6 3 1 12 5 10 11 9 4 8 2 7 
323 7 ['Winthrop'] 9 11 12 7 2 10 1 3 6 8 4 5 
324 1 ['Eliot'] 12 7 8 3 6 11 2 4 5 1 10 9 
325 3 ['Currier'] 7 12 6 8 3 10 9 1 5 2 11 4 
326 8 ['Pfoho'] 10 9 6 2 4 8 5 3 7 12 11 1 
327 2 ['Kirkland'] 3 10 12 5 8 7 2 4 6 11 1 9 
328 6 ['Kirkland'] 7 5 4 10 8 1 12 3 11 2 9 6 
329 5 ['Winthrop'] 2 7 10 12 8 6 3 1 11 4 5 9 
330 1 ['Winthrop'] 1 4 3 12 5 7 6 10 8 9 2 11 
331 2 ['Lowell'] 9 2 12 3 11 5 6 7 8 4 1 10 
332 3 ['Leverett'] 7 8 9 6 10 12 5 2 1 11 4 3 
333 6 ['Eliot'] 4 5 7 8 11 6 2 12 3 1 9 10 
334 1 ['Winthrop'] 9 2 7 8 4 5 10 6 1 3 11 12 
335 3 ['Leverett'] 2 9 4 10 3 6 5 8 12 1 11 7 
336 7 ['Dunster'] 9 10 5 12 2 4 7 11 1 8 6 3 
337 4 ['Leverett'] 11 3 8 7 9 10 12 4 2 6 5 1 
338 3 ['Winthrop'] 4 10 2 12 8 11 3 5 9 7 6 1 
339 5 ['Leverett'] 12 5 7 9 11 2 6 8 4 1 3 10 
340 4 ['Mather'] 11 9 6 1 2 7 12 5 10 3 8 4 
341 8 ['Lowell'] 10 1 6 3 8 9 12 7 11 5 2 4 
342 4 ['Winthrop'] 3 9 7 12 4 11 8 10 6 1 2 5 
343 7 ['Mather'] 3 1 8 12 6 11 7 4 10 9 2 5 
344 5 ['Mather'] 8 11 10 6 5 3 7 12 1 9 2 4 
345 6 ['Dunster'] 9 7 6 1 3 10 11 2 5 8 12 4 
346 4 ['Leverett'] 3 8 2 4 5 9 10 12 1 11 7 6 
347 8 ['Kirkland'] 4 3 7 11 8 1 6 5 10 2 12 9 
348 8 ['Mather'] 3 5 9 11 1 12 8 6 4 7 10 2 
349 4 ['Kirkland'] 8 2 9 3 1 4 12 10 11 6 7 5 
350 5 ['Pfoho'] 10 11 1 12 4 7 3 6 2 5 9 8 
351 5 ['Leverett'] 6 7 11 9 3 5 10 2 12 4 1 8 
352 8 ['Winthrop'] 3 10 2 11 1 12 9 7 5 6 8 4 
353 1 ['Cabot'] 10 9 5 4 2 3 6 11 12 8 1 7 
354 8 ['Lowell'] 11 4 9 10 5 1 7 12 8 2 3 6 
355 5 ['Lowell'] 10 3 11 2 1 7 4 6 5 12 9 8 
356 3 ['Adams'] 9 7 2 4 10 8 3 6 12 5 11 1 
357 6 ['Mather'] 8 9 2 6 1 11 7 5 4 3 10 12 
358 7 ['Dunster'] 10 7 8 2 9 4 5 3 11 12 6 1 
359 4 ['Lowell'] 6 2 5 7 4 8 1 11 3 9 10 12 
360 6 ['Quincy'] 12 6 11 8 1 4 7 3 5 10 2 9 
361 1 ['Mather'] 11 2 6 1 12 5 8 4 7 3 10 9 
362 8 ['Pfoho'] 9 12 6 2 10 7 4 11 1 3 8 5 
363 6 ['Pfoho'] 1 4 8 7 9 2 3 11 10 6 12 5 
364 4 ['Dunster'] 5 12 8 1 9 7 2 4 6 3 11 10 
365 7 ['Winthrop'] 4 7 1 12 3 8 10 6 11 9 2 5 
366 3 ['Quincy'] 6 1 9 10 3 11 8 5 12 7 2 4 
367 1 ['Pfoho'] 4 9 10 1 3 12 11 2 7 5 6 8 
368 6 ['Cabot'] 3 10 5 8 12 7 4 9 11 6 1 2 
369 3 ['Pfoho'] 1 10 6 7 4 12 5 11 2 9 8 3 
370 8 ['Lowell'] 3 9 7 11 2 1 12 6 5 10 8 4 
371 7 ['Adams'] 2 1 4 12 6 10 5 11 3 8 7 9 
372 5 ['Cabot'] 8 7 5 10 2 3 12 6 11 9 1 4 
373 6 ['Adams'] 10 2 5 1 11 6 7 3 12 4 9 8 
374 4 ['Lowell'] 2 11 9 7 10 1 8 5 12 3 4 6 
375 5 ['Lowell'] 6 10 11 5 8 1 4 9 2 12 3 7 
376 4 ['Dunster'] 10 4 8 3 5 1 9 7 6 11 12 2 
377 7 ['Quincy'] 11 4 7 10 6 3 8 12 2 5 1 9 
378 8 ['Lowell'] 10 7 3 5 12 9 8 11 2 1 4 6 
379 8 ['Quincy'] 4 7 3 6 11 12 1 10 9 5 8 2 
380 6 ['Lowell'] 11 4 1 12 3 6 5 9 10 2 8 7 
381 2 ['Winthrop'] 8 10 6 9 11 1 12 2 4 7 3 5 
382 2 ['Dunster'] 2 8 9 7 11 1 5 6 12 3 10 4 
383 2 ['Kirkland'] 2 8 5 4 11 10 9 1 6 7 12 3 
384 8 ['Dunster'] 2 11 9 5 10 1 4 7 8 6 12 3 
385 2 ['Kirkland'] 4 3 8 12 11 10 5 6 1 7 9 2 
386 7 ['Mather'] 5 2 11 10 9 12 1 8 3 7 6 4 
387 8 ['Winthrop'] 6 5 10 1 2 12 11 4 9 7 3 8 
388 5 ['Eliot'] 12 8 4 6 5 9 11 3 10 7 1 2 
389 1 ['Winthrop'] 6 3 7 5 9 4 11 2 12 8 10 1 
390 1 ['Lowell'] 1 2 10 4 5 3 12 7 9 6 8 11 
391 7 ['Leverett'] 3 6 2 8 11 10 5 1 12 4 9 7 
392 6 ['Dunster'] 2 10 7 8 12 6 1 5 3 9 4 11 
393 4 ['Quincy'] 8 2 11 3 10 12 5 7 1 9 4 6 
394 6 ['Pfoho'] 8 7 6 1 5 2 10 3 4 12 9 11 
395 8 ['Pfoho'] 9 2 12 7 5 1 10 6 3 8 11 4 
396 8 ['Winthrop'] 6 1 10 8 2 7 12 5 9 4 11 3 
397 7 ['Dunster'] 6 1 9 2 10 4 3 8 7 5 11 12 
398 6 ['Leverett'] 12 9 1 4 10 6 7 11 8 3 2 5 
399 6 ['Adams'] 4 9 8 11 5 2 1 3 6 10 12 7 
