0 4 Leverett 10 11 8 12 2 7 5 3 6 4 1 9 
1 5 Winthrop 1 4 6 7 8 10 11 3 2 12 9 5 
2 8 Winthrop 2 11 7 8 5 12 10 3 4 9 1 6 
3 1 Kirkland 8 5 9 4 2 12 6 10 7 11 1 3 
4 3 Mather 4 12 8 11 7 1 9 6 3 5 10 2 
5 8 Cabot 11 6 1 4 12 2 5 9 7 10 3 8 
6 6 Dunster 6 5 2 10 1 8 9 11 7 4 3 12 
7 1 Quincy 4 6 8 9 12 7 3 11 10 1 2 5 
8 8 Pfoho 9 5 2 11 1 7 3 12 10 8 6 4 
9 1 Winthrop 2 9 8 12 1 11 6 4 7 5 10 3 
10 1 Winthrop 1 10 9 2 11 12 4 5 8 3 6 7 
11 2 Winthrop 5 3 7 6 9 10 4 8 12 11 2 1 
12 5 Winthrop 8 3 4 7 2 10 11 5 12 6 9 1 
13 4 Winthrop 5 1 7 6 8 2 3 10 4 9 11 12 
14 6 Currier 9 3 4 6 2 10 5 11 7 1 12 8 
15 2 Dunster 9 7 6 5 2 8 11 1 12 10 3 4 
16 2 Quincy 10 12 7 6 1 3 2 8 5 11 9 4 
17 3 Mather 3 8 1 2 5 11 12 7 9 4 10 6 
18 7 Eliot 10 7 4 9 3 5 2 11 8 6 12 1 
19 1 Adams 9 8 1 2 5 7 4 11 12 6 10 3 
20 3 Leverett 5 12 3 4 10 8 6 11 7 2 9 1 
21 7 Leverett 8 2 6 5 1 7 3 11 10 4 9 12 
22 8 Adams 2 9 3 1 4 10 11 6 12 7 8 5 
23 8 Adams 9 3 1 10 4 5 6 7 12 8 2 11 
24 6 Pfoho 10 11 2 6 12 3 7 5 1 9 8 4 
25 8 Cabot 8 12 2 9 7 3 11 1 4 6 10 5 
26 5 Pfoho 2 12 5 9 11 10 3 7 1 4 8 6 
27 2 Eliot 2 6 8 10 7 3 9 1 4 5 11 12 
28 5 Dunster 4 11 1 12 7 9 5 8 6 3 2 10 
29 6 Adams 1 2 6 4 8 9 12 7 11 5 3 10 
30 6 Mather 12 10 4 1 9 8 5 6 11 7 3 2 
31 2 Lowell 3 9 2 11 7 4 5 6 8 12 10 1 
32 4 Cabot 4 3 11 6 2 1 12 10 8 9 5 7 
33 1 Adams 8 9 12 7 2 10 5 6 4 3 1 11 
34 3 Eliot 9 6 7 4 3 2 5 1 11 12 8 10 
35 1 Cabot 1 8 7 6 2 5 4 10 9 11 12 3 
36 6 Kirkland 5 9 11 8 4 3 10 7 12 1 6 2 
37 5 Mather 8 7 11 10 1 4 5 12 2 6 3 9 
38 5 Kirkland 7 9 5 6 12 8 2 3 10 4 1 11 
39 6 Dunster 2 11 9 5 3 10 6 4 12 7 8 1 
40 8 Winthrop 3 1 7 5 2 10 4 6 8 9 12 11 
41 5 Currier 9 6 7 5 8 2 10 11 3 12 4 1 
42 7 Currier 1 3 7 8 5 6 10 4 9 2 12 11 
43 4 Pfoho 2 3 6 9 1 5 11 4 12 8 7 10 
44 8 Kirkland 8 1 5 2 6 3 12 9 11 4 10 7 
45 6 Eliot 3 8 12 10 4 7 5 2 1 9 11 6 
46 6 Adams 10 4 9 7 12 1 5 6 2 3 8 11 
47 2 Currier 6 9 11 7 12 5 3 1 8 10 2 4 
48 8 Dunster 8 7 1 3 12 6 2 9 10 4 11 5 
49 5 Pfoho 7 10 1 8 2 9 3 4 5 11 6 12 
50 4 Kirkland 9 12 5 11 3 10 4 2 7 1 6 8 
51 8 Cabot 7 8 1 12 2 10 4 3 5 9 11 6 
52 8 Adams 11 7 2 1 12 4 3 10 6 5 8 9 
53 5 Quincy 3 1 2 11 10 9 8 4 6 12 7 5 
54 7 Dunster 2 7 12 10 6 1 4 11 3 9 8 5 
55 1 Leverett 9 1 11 3 12 8 4 6 5 7 2 10 
56 8 Winthrop 8 4 11 1 7 12 3 6 9 2 10 5 
57 8 Dunster 6 9 2 12 4 8 10 7 5 11 3 1 
58 5 Dunster 7 2 5 1 12 11 8 3 4 10 6 9 
59 2 Mather 3 10 4 5 2 11 7 6 8 1 12 9 
60 2 Kirkland 5 7 10 8 1 9 2 3 11 4 6 12 
61 1 Pfoho 2 7 11 1 12 6 10 3 4 9 5 8 
62 4 Currier 4 7 10 11 5 9 2 1 3 8 6 12 
63 1 Adams 12 8 7 11 9 4 2 10 3 5 6 1 
64 5 Mather 2 9 11 7 1 3 8 10 12 5 4 6 
65 6 Currier 5 7 9 6 11 4 3 1 12 2 8 10 
66 2 Dunster 3 12 2 5 8 6 11 7 9 4 1 10 
67 2 Currier 1 7 4 6 3 12 11 5 2 10 8 9 
68 7 Cabot 9 1 8 4 12 2 3 6 11 5 7 10 
69 5 Lowell 11 6 1 4 7 9 10 2 12 5 8 3 
70 3 Pfoho 5 6 10 3 1 4 11 2 12 9 7 8 
71 3 Adams 1 11 10 7 8 5 6 2 3 9 4 12 
72 7 Kirkland 11 4 8 12 7 5 2 10 9 3 1 6 
73 5 Adams 6 9 12 2 10 11 1 7 5 4 3 8 
74 8 Adams 1 3 9 5 11 2 6 8 10 7 12 4 
75 5 Pfoho 3 5 7 9 4 2 8 1 10 12 11 6 
76 1 Mather 5 11 7 4 12 6 1 2 3 9 8 10 
77 6 Quincy 8 10 12 9 7 5 2 3 4 1 11 6 
78 1 Kirkland 6 12 5 4 2 1 3 11 10 7 9 8 
79 2 Leverett 1 8 9 7 10 3 5 2 4 12 6 11 
80 7 Eliot 10 2 9 1 7 3 12 5 8 6 11 4 
81 5 Quincy 6 2 10 7 9 5 4 3 11 1 12 8 
82 7 Pfoho 6 1 11 3 4 2 8 7 5 10 12 9 
83 3 Kirkland 3 9 4 8 6 11 1 12 10 5 7 2 
84 7 Winthrop 3 7 10 11 8 12 5 2 9 1 6 4 
85 6 Winthrop 8 10 4 5 7 9 11 2 6 12 1 3 
86 2 Lowell 9 6 10 5 8 12 11 7 1 2 4 3 
87 7 Adams 7 4 3 10 11 6 1 12 9 8 5 2 
88 4 Winthrop 11 2 6 12 8 10 3 7 4 1 5 9 
89 1 Winthrop 8 2 12 4 7 6 11 9 3 10 5 1 
90 7 Winthrop 1 12 9 5 2 4 10 11 3 6 8 7 
91 5 Kirkland 5 2 7 12 4 9 6 10 3 8 11 1 
92 1 Kirkland 8 11 10 5 1 4 6 2 12 7 9 3 
93 4 Lowell 5 7 3 8 10 12 4 9 2 1 11 6 
94 4 Adams 10 9 6 12 3 5 4 2 7 8 1 11 
95 7 Dunster 8 7 11 5 2 3 6 1 9 12 10 4 
96 2 Currier 11 4 3 5 2 6 12 7 9 10 1 8 
97 2 Eliot 3 12 8 11 2 9 7 1 4 5 10 6 
98 1 Eliot 9 3 10 5 12 7 11 8 4 6 1 2 
99 4 Currier 8 10 12 6 2 9 11 1 4 3 7 5 
100 7 Mather 1 5 9 7 8 2 3 10 6 11 12 4 
101 5 Kirkland 10 3 7 6 4 2 8 5 9 12 11 1 
102 4 Eliot 7 2 6 5 8 10 12 3 9 1 11 4 
103 5 Cabot 11 10 8 6 12 2 1 5 4 9 3 7 
104 1 Pfoho 9 8 10 12 7 3 5 6 4 11 1 2 
105 3 Adams 11 12 8 4 9 2 7 10 3 1 6 5 
106 8 Lowell 8 2 1 3 6 12 9 7 10 4 5 11 
107 3 Adams 5 11 8 12 6 4 3 1 2 9 7 10 
108 2 Cabot 9 12 8 10 4 7 6 11 2 3 5 1 
109 1 Pfoho 11 6 10 12 7 3 5 1 2 8 4 9 
110 8 Kirkland 10 8 4 11 5 7 9 12 2 6 1 3 
111 5 Lowell 5 10 7 8 11 3 4 6 12 9 1 2 
112 5 Eliot 5 11 7 10 12 1 2 6 8 4 3 9 
113 8 Eliot 3 1 10 7 4 2 5 6 12 8 9 11 
114 6 Kirkland 6 2 1 11 12 5 3 8 4 10 9 7 
115 1 Currier 5 8 9 1 7 4 3 6 10 12 2 11 
116 8 Currier 11 9 3 10 2 7 5 4 1 6 12 8 
117 5 Winthrop 5 8 6 9 4 12 10 11 3 1 7 2 
118 7 Quincy 2 11 8 7 3 10 12 4 5 1 6 9 
119 4 Quincy 7 2 6 9 8 4 11 10 12 3 1 5 
120 8 Cabot 11 1 12 10 8 4 9 5 7 2 3 6 
121 8 Pfoho 6 7 2 1 5 4 8 3 11 12 9 10 
122 7 Kirkland 3 9 11 6 5 2 8 4 1 7 10 12 
123 3 Lowell 4 7 8 11 2 5 9 3 1 12 6 10 
124 8 Kirkland 7 5 2 11 8 4 6 12 1 9 3 10 
125 6 Lowell 5 8 4 10 9 6 2 1 3 7 12 11 
126 8 Quincy 10 3 1 7 6 11 2 5 8 9 4 12 
127 7 Mather 11 10 9 1 12 8 2 3 6 5 4 7 
128 5 Winthrop 7 10 5 9 2 12 11 3 1 6 4 8 
129 6 Cabot 10 9 7 5 6 3 4 12 2 1 8 11 
130 4 Quincy 8 1 5 10 2 3 9 6 4 11 12 7 
131 5 Eliot 2 3 5 8 6 4 9 7 12 11 1 10 
132 1 Adams 10 11 1 8 3 4 9 6 7 5 2 12 
133 6 Kirkland 8 2 10 6 12 9 5 11 1 3 4 7 
134 4 Winthrop 2 11 1 6 9 5 10 3 8 7 12 4 
135 3 Eliot 8 12 7 6 2 10 11 5 4 1 9 3 
136 6 Eliot 2 7 9 10 11 5 1 8 12 3 6 4 
137 8 Adams 8 12 6 1 4 7 2 3 5 9 11 10 
138 3 Kirkland 6 8 10 7 1 9 12 3 2 11 4 5 
139 1 Adams 4 7 9 10 11 8 12 2 3 5 1 6 
140 8 Dunster 4 5 2 7 1 10 12 8 6 9 3 11 
141 1 Cabot 10 5 6 2 4 7 9 8 3 11 1 12 
142 6 Dunster 2 10 8 5 1 7 11 6 3 4 9 12 
143 2 Pfoho 5 8 9 4 11 10 6 3 1 12 2 7 
144 8 Mather 4 6 9 3 5 10 1 2 8 12 11 7 
145 2 Winthrop 1 5 9 8 6 12 2 4 3 7 11 10 
146 7 Winthrop 4 7 10 5 3 12 9 11 1 6 2 8 
147 3 Dunster 1 3 2 11 8 10 12 7 9 4 6 5 
148 7 Leverett 8 11 6 3 9 10 2 4 5 1 12 7 
149 7 Leverett 1 3 6 11 5 8 10 2 9 4 12 7 
150 1 Mather 9 10 2 7 11 5 12 8 6 4 1 3 
151 5 Quincy 12 1 4 9 5 6 7 3 11 2 10 8 
152 2 Eliot 5 12 11 3 7 6 10 2 1 4 8 9 
153 5 Kirkland 9 5 7 11 6 1 8 10 3 12 2 4 
154 7 Pfoho 11 6 5 4 10 8 2 9 12 7 1 3 
155 5 Eliot 11 10 4 1 12 5 8 9 7 6 2 3 
156 4 Kirkland 9 1 6 4 8 3 12 7 5 2 11 10 
157 5 Currier 3 5 11 10 4 12 9 2 8 6 7 1 
158 1 Kirkland 11 10 8 2 4 1 9 12 7 3 5 6 
159 3 Lowell 8 12 10 11 3 6 5 4 1 2 7 9 
160 5 Eliot 11 3 10 6 8 1 2 5 7 4 12 9 
161 4 Lowell 10 11 9 4 5 8 12 6 2 7 3 1 
162 1 Dunster 8 11 10 3 4 12 7 2 1 6 9 5 
163 3 Winthrop 9 7 12 5 8 10 3 2 4 6 11 1 
164 8 Winthrop 5 3 2 8 10 1 7 6 12 11 9 4 
165 2 Eliot 6 8 9 11 1 3 10 2 5 12 4 7 
166 8 Kirkland 7 9 3 6 8 4 1 5 2 12 10 11 
167 6 Pfoho 7 5 8 6 4 3 10 9 12 1 2 11 
168 8 Currier 6 9 7 3 4 11 12 8 2 10 1 5 
169 2 Pfoho 8 5 4 11 2 9 7 6 1 10 12 3 
170 6 Pfoho 9 7 11 8 6 10 4 12 5 1 3 2 
171 2 Adams 1 8 5 9 12 10 2 3 7 4 11 6 
172 1 Adams 6 5 7 10 12 9 1 8 4 3 11 2 
173 5 Kirkland 6 7 8 1 10 9 4 11 2 12 3 5 
174 3 Currier 12 5 3 2 4 6 7 9 10 11 1 8 
175 8 Eliot 1 10 11 7 9 5 8 12 3 6 2 4 
176 4 Winthrop 8 5 4 12 10 2 6 3 9 1 7 11 
177 8 Pfoho 1 2 8 5 11 6 3 9 10 12 4 7 
178 1 Currier 9 6 1 4 8 7 3 11 2 5 12 10 
179 1 Quincy 12 4 2 5 10 9 3 8 1 6 7 11 
180 2 Cabot 12 8 4 9 6 5 11 1 10 3 2 7 
181 8 Mather 4 10 2 1 7 12 11 9 8 5 6 3 
182 3 Pfoho 5 9 10 2 6 4 8 3 11 7 1 12 
183 7 Eliot 5 7 1 9 2 6 10 3 4 12 11 8 
184 8 Winthrop 10 12 2 1 11 7 8 9 4 6 3 5 
185 4 Kirkland 11 7 5 10 12 2 3 8 6 1 9 4 
186 5 Quincy 12 7 9 1 4 2 11 10 3 5 8 6 
187 4 Winthrop 7 3 5 11 4 6 12 10 8 9 1 2 
188 8 Winthrop 9 6 1 8 7 12 4 10 5 2 11 3 
189 4 Eliot 8 3 1 5 10 6 4 7 11 9 12 2 
190 7 Adams 12 7 4 5 1 3 11 2 9 8 6 10 
191 4 Lowell 11 5 10 4 3 8 7 9 12 6 1 2 
192 1 Lowell 12 4 9 7 3 1 11 8 5 6 10 2 
193 7 Kirkland 2 10 4 3 6 8 1 7 5 11 12 9 
194 6 Dunster 6 11 8 7 5 12 1 3 2 4 10 9 
195 8 Currier 11 1 7 9 12 8 10 4 2 3 6 5 
196 7 Winthrop 12 7 2 4 1 3 8 5 6 11 9 10 
197 4 Adams 7 6 11 5 10 1 9 12 2 4 8 3 
198 4 Eliot 5 12 3 1 9 6 10 7 4 11 8 2 
199 6 Cabot 11 4 6 12 7 10 8 5 9 1 2 3 
200 5 Adams 6 3 9 10 12 7 4 1 11 2 5 8 
201 1 Lowell 12 3 9 11 10 4 5 1 2 8 7 6 
202 6 Eliot 11 9 3 4 12 1 5 7 6 2 10 8 
203 1 Winthrop 1 6 5 10 2 11 8 7 4 9 3 12 
204 4 Adams 3 12 8 2 1 7 10 4 6 9 5 11 
205 5 Quincy 5 4 9 8 10 1 6 3 2 11 7 12 
206 5 Pfoho 6 7 11 3 8 10 2 4 12 9 5 1 
207 5 Pfoho 2 9 6 11 5 8 4 12 10 1 3 7 
208 3 Adams 8 3 1 7 4 2 12 6 5 10 9 11 
209 5 Currier 7 6 3 1 10 9 11 12 4 5 8 2 
210 5 Quincy 9 5 10 8 11 7 3 2 4 6 1 12 
211 3 Leverett 2 5 12 10 3 6 7 9 11 4 8 1 
212 4 Quincy 8 12 4 2 3 7 10 9 5 1 11 6 
213 4 Quincy 3 12 6 8 7 5 11 1 9 10 2 4 
214 1 Quincy 8 9 10 7 1 2 5 3 11 4 12 6 
215 6 Leverett 10 1 11 4 6 9 12 3 5 7 2 8 
216 4 Quincy 10 8 9 2 6 7 12 3 5 11 4 1 
217 2 Lowell 7 10 11 9 6 3 8 5 1 2 4 12 
218 8 Winthrop 10 1 4 5 9 7 2 8 6 12 11 3 
219 5 Quincy 10 7 4 11 6 2 1 5 8 9 3 12 
220 5 Winthrop 1 9 3 11 7 6 4 10 8 2 5 12 
221 6 Adams 3 11 10 8 5 12 2 6 7 1 4 9 
222 3 Quincy 12 9 7 4 10 5 8 6 2 1 11 3 
223 8 Currier 12 9 7 8 10 1 5 11 2 6 3 4 
224 3 Dunster 7 3 11 1 2 4 12 8 5 9 10 6 
225 7 Winthrop 10 9 4 5 3 2 1 7 8 12 6 11 
226 6 Leverett 3 7 12 4 9 8 6 11 2 1 10 5 
227 7 Currier 11 4 6 5 3 2 12 7 10 8 1 9 
228 7 Eliot 3 1 2 9 10 4 6 7 11 8 5 12 
229 4 Kirkland 11 12 4 9 7 1 5 10 3 8 6 2 
230 1 Winthrop 12 10 7 8 3 1 4 6 9 11 2 5 
231 8 Quincy 2 6 8 5 3 9 7 4 12 10 1 11 
232 3 Mather 4 9 6 8 5 12 10 1 3 11 2 7 
233 5 Kirkland 6 10 12 5 1 9 3 11 2 7 4 8 
234 5 Quincy 6 11 9 5 10 2 1 8 12 4 7 3 
235 7 Dunster 6 11 3 2 5 7 8 1 4 12 9 10 
236 8 Mather 2 6 4 10 8 5 11 9 7 3 1 12 
237 4 Dunster 3 8 2 10 4 9 1 7 12 5 6 11 
238 1 Pfoho 10 5 8 7 1 12 9 6 4 2 11 3 
239 5 Currier 3 5 7 2 1 8 4 12 6 10 9 11 
240 4 Mather 12 5 1 7 11 2 3 4 6 9 8 10 
241 5 Eliot 4 6 1 3 2 5 11 8 9 10 12 7 
242 5 Mather 4 11 10 3 7 6 8 5 12 1 2 9 
243 3 Adams 1 7 10 5 6 9 8 12 11 3 4 2 
244 5 Eliot 5 6 4 9 2 1 8 10 11 12 7 3 
245 5 Currier 5 11 4 1 10 6 2 8 7 12 3 9 
246 3 Pfoho 10 6 12 8 11 5 1 2 4 7 3 9 
247 1 Adams 7 5 8 1 2 11 9 3 12 6 4 10 
248 8 Lowell 10 3 7 1 12 5 8 6 4 11 2 9 
249 1 Pfoho 2 7 11 3 1 5 12 4 9 6 10 8 
250 6 Kirkland 9 7 11 1 6 12 8 10 4 3 2 5 
251 8 Adams 10 6 4 8 2 1 11 5 7 12 9 3 
252 4 Adams 1 12 10 8 4 6 2 3 9 7 11 5 
253 3 Kirkland 11 5 4 1 10 7 2 8 6 3 12 9 
254 7 Lowell 4 7 6 2 8 3 12 1 5 10 11 9 
255 7 Lowell 3 5 7 9 4 8 6 1 11 12 10 2 
256 4 Cabot 8 1 11 7 12 3 9 6 5 4 2 10 
257 5 Dunster 7 3 2 8 11 4 6 5 1 9 12 10 
258 2 Kirkland 10 9 6 2 11 1 4 5 8 3 7 12 
259 1 Dunster 11 10 2 3 7 4 5 6 12 1 8 9 
260 5 Eliot 2 7 3 10 5 8 12 4 11 6 9 1 
261 3 Kirkland 11 8 1 6 4 2 10 5 9 7 3 12 
262 4 Lowell 10 8 6 4 5 3 7 12 11 1 2 9 
263 8 Eliot 2 3 11 8 7 9 1 12 6 5 10 4 
264 6 Dunster 10 12 1 8 2 11 5 4 9 3 6 7 
265 8 Mather 11 10 6 4 5 7 9 8 3 12 2 1 
266 1 Winthrop 11 10 1 6 2 9 12 3 7 8 4 5 
267 5 Eliot 2 6 12 9 4 3 1 7 10 11 5 8 
268 2 Leverett 3 6 8 4 12 1 11 9 7 2 5 10 
269 8 Adams 3 6 10 2 7 4 11 9 1 12 5 8 
270 1 Lowell 6 3 5 12 10 7 9 11 2 4 1 8 
271 7 Dunster 1 5 10 7 6 3 2 4 11 8 12 9 
272 8 Quincy 3 11 9 1 2 8 12 4 7 6 5 10 
273 4 Eliot 11 12 8 7 6 2 10 3 4 1 5 9 
274 2 Quincy 7 2 3 4 12 6 10 9 11 5 8 1 
275 2 Leverett 6 9 3 4 5 2 12 1 8 11 7 10 
276 7 Mather 12 11 2 1 7 9 5 10 4 6 3 8 
277 5 Cabot 3 11 1 6 5 9 2 12 10 4 7 8 
278 8 Winthrop 2 5 1 10 6 4 12 7 8 3 9 11 
279 1 Eliot 2 4 7 5 1 11 10 9 6 3 12 8 
280 8 Leverett 7 6 4 2 11 5 3 9 10 8 12 1 
281 8 Pfoho 8 12 4 7 10 3 1 11 2 6 9 5 
282 3 Leverett 3 1 8 10 6 12 5 9 7 4 11 2 
283 4 Leverett 12 5 7 4 3 11 1 8 10 2 9 6 
284 3 Kirkland 3 10 1 5 6 9 11 4 12 2 7 8 
285 3 Leverett 12 11 5 2 7 9 6 8 3 4 10 1 
286 8 Mather 2 7 5 12 9 6 4 1 11 8 3 10 
287 5 Currier 11 10 12 1 4 3 6 9 5 7 8 2 
288 8 Dunster 4 5 8 9 1 11 10 6 2 3 7 12 
289 2 Currier 2 11 7 10 9 8 12 4 3 6 1 5 
290 1 Quincy 5 10 7 2 8 1 12 6 11 3 9 4 
291 4 Lowell 7 5 2 1 8 9 10 11 3 6 12 4 
292 4 Winthrop 1 10 6 12 7 5 3 2 11 8 4 9 
293 1 Lowell 5 10 3 4 1 2 9 12 11 6 7 8 
294 5 Currier 4 11 8 6 12 1 7 9 5 2 3 10 
295 4 Winthrop 6 10 5 9 1 11 4 7 8 2 12 3 
296 5 Adams 1 5 12 9 8 10 3 7 2 11 6 4 
297 1 Winthrop 5 11 6 9 3 10 2 7 8 12 4 1 
298 8 Winthrop 10 5 9 7 4 3 8 2 1 12 11 6 
299 8 Currier 8 2 6 9 3 1 12 11 10 7 5 4 
300 4 Quincy 7 1 2 9 10 3 8 6 11 4 5 12 
301 5 Eliot 3 8 12 9 11 6 5 7 10 2 1 4 
302 8 Lowell 7 10 3 11 5 6 12 2 9 1 8 4 
303 1 Kirkland 6 8 4 9 1 5 7 2 12 10 11 3 
304 8 Mather 5 8 10 3 11 4 2 9 7 1 6 12 
305 7 Leverett 3 9 4 5 7 8 11 10 1 2 6 12 
306 3 Cabot 6 8 11 7 12 2 9 3 1 10 5 4 
307 7 Winthrop 4 5 3 6 2 1 9 10 11 7 8 12 
308 2 Eliot 1 7 2 8 10 12 11 5 4 9 3 6 
309 1 Currier 5 12 11 3 9 4 8 7 6 10 2 1 
310 2 Mather 1 12 7 8 5 11 3 10 2 9 4 6 
311 2 Quincy 7 10 1 8 12 2 11 4 5 3 9 6 
312 7 Currier 11 8 9 6 10 1 3 5 2 7 12 4 
313 6 Lowell 5 7 4 11 9 2 3 1 10 12 8 6 
314 8 Lowell 3 2 11 4 12 1 10 5 9 8 6 7 
315 2 Quincy 11 9 3 2 8 12 1 6 5 10 7 4 
316 6 Kirkland 4 11 6 12 8 7 5 3 1 10 9 2 
317 1 Winthrop 1 5 10 12 9 4 6 2 3 8 7 11 
318 7 Winthrop 11 5 8 9 2 10 4 7 1 6 12 3 
319 5 Lowell 1 12 10 7 5 6 8 3 11 9 4 2 
320 3 Pfoho 8 3 7 6 11 4 5 2 10 9 1 12 
321 1 Lowell 7 4 11 12 1 2 8 9 5 10 3 6 
322 5 Eliot 3 7 5 10 4 6 2 8 11 9 12 1 
323 2 Currier 9 11 1 2 8 10 6 12 4 5 7 3 
324 6 Adams 5 9 10 12 4 2 8 1 11 3 7 6 
325 5 Eliot 9 12 3 2 8 11 1 4 5 6 10 7 
326 4 Dunster 3 11 4 10 8 5 6 12 1 7 2 9 
327 6 Cabot 3 10 9 4 1 2 12 7 6 8 11 5 
328 3 Currier 8 2 6 11 3 12 10 9 4 1 7 5 
329 3 Adams 7 5 2 12 8 9 11 3 4 6 10 1 
330 1 Leverett 8 7 6 1 11 4 12 10 2 3 9 5 
331 1 Adams 2 11 12 6 8 4 7 5 9 10 1 3 
332 1 Eliot 12 2 11 4 10 6 5 7 3 9 8 1 
333 3 Lowell 11 3 6 4 1 5 8 9 2 7 10 12 
334 7 Currier 7 12 6 10 2 11 5 1 3 9 8 4 
335 2 Kirkland 9 2 5 10 3 8 11 12 7 4 6 1 
336 7 Eliot 8 3 12 5 9 7 10 4 2 6 11 1 
337 5 Winthrop 2 7 10 9 8 6 3 5 12 11 4 1 
338 1 Quincy 2 5 11 7 6 4 8 10 9 12 1 3 
339 2 Pfoho 4 10 8 1 2 12 7 9 5 11 3 6 
340 1 Cabot 1 11 9 3 4 5 12 7 6 8 2 10 
341 3 Mather 12 3 7 8 1 2 9 6 11 5 10 4 
342 6 Dunster 11 5 2 3 1 10 4 12 9 7 6 8 
343 5 Quincy 5 4 10 2 3 9 8 1 7 11 6 12 
344 6 Kirkland 6 4 10 9 7 5 8 2 12 3 1 11 
345 3 Kirkland 5 3 10 6 7 2 1 4 12 8 9 11 
346 2 Currier 11 5 9 4 12 2 8 7 1 6 3 10 
347 4 Pfoho 12 3 6 4 7 1 5 11 9 8 10 2 
348 6 Adams 11 2 4 7 8 9 1 10 12 6 5 3 
349 8 Lowell 11 2 10 12 5 7 4 3 8 6 9 1 
350 2 Pfoho 12 4 11 10 5 3 2 7 9 6 8 1 
351 8 Cabot 8 11 9 5 12 10 1 6 2 3 4 7 
352 7 Mather 9 5 2 7 4 6 12 8 10 3 11 1 
353 7 Lowell 8 5 4 12 2 11 10 1 3 9 6 7 
354 1 Adams 3 1 11 2 5 7 12 4 6 10 8 9 
355 3 Eliot 4 6 12 7 5 10 11 2 9 1 8 3 
356 1 Adams 7 2 1 4 5 9 8 12 11 10 6 3 
357 3 Kirkland 7 2 12 3 11 8 9 1 5 6 4 10 
358 6 Leverett 10 1 9 3 7 5 2 4 6 11 8 12 
359 8 Kirkland 7 9 8 2 3 10 1 4 5 6 11 12 
360 6 Currier 7 2 10 1 11 12 8 9 3 6 5 4 
361 8 Cabot 7 1 4 8 9 11 2 6 10 5 12 3 
362 2 Lowell 9 5 3 10 1 12 7 2 4 6 8 11 
363 7 Winthrop 1 11 10 9 2 8 4 12 5 7 6 3 
364 6 Dunster 3 5 2 10 4 8 1 11 6 7 9 12 
365 1 Cabot 12 6 2 10 7 8 11 1 3 9 5 4 
366 1 Lowell 4 6 5 10 3 12 11 2 7 1 8 9 
367 4 Adams 4 6 5 3 8 1 9 7 12 2 11 10 
368 2 Currier 4 12 6 2 9 11 8 10 3 1 7 5 
369 2 Currier 2 1 4 6 8 7 10 5 11 9 12 3 
370 8 Kirkland 3 4 10 5 6 2 12 1 8 9 7 11 
371 1 Cabot 12 6 11 1 4 7 3 10 5 9 2 8 
372 8 Currier 2 5 3 4 8 7 11 1 9 10 12 6 
373 8 Cabot 12 2 9 1 8 11 4 6 3 7 10 5 
374 3 Pfoho 12 3 5 1 7 10 11 8 9 2 4 6 
375 6 Eliot 6 10 7 11 8 5 1 3 12 4 2 9 
376 6 Winthrop 7 8 1 5 4 9 12 2 6 10 11 3 
377 5 Leverett 7 9 8 3 2 11 1 10 5 6 4 12 
378 7 Currier 6 5 11 8 9 7 3 2 10 4 1 12 
379 6 Lowell 4 5 7 3 10 1 2 9 12 11 6 8 
380 1 Currier 1 4 3 8 9 6 7 11 10 12 2 5 
381 6 Pfoho 6 9 10 11 5 8 4 1 12 2 7 3 
382 5 Adams 1 7 9 4 11 3 12 8 2 6 5 10 
383 6 Pfoho 8 3 1 9 6 11 5 10 4 12 2 7 
384 5 Adams 7 1 3 9 11 5 2 12 4 10 6 8 
385 4 Kirkland 5 11 6 10 9 12 4 7 2 1 8 3 
386 8 Cabot 5 4 2 12 8 11 9 10 3 7 6 1 
387 4 Quincy 6 2 10 9 11 5 12 7 8 3 1 4 
388 4 Cabot 5 2 3 12 1 10 4 6 8 7 11 9 
389 5 Quincy 9 11 5 1 2 4 3 7 6 8 12 10 
390 7 Mather 6 9 8 10 2 12 7 3 11 5 1 4 
391 2 Cabot 11 5 4 6 10 3 7 9 12 2 1 8 
392 6 Winthrop 10 5 6 4 9 1 8 11 3 12 2 7 
393 1 Kirkland 3 9 8 10 2 1 5 11 6 12 7 4 
394 8 Leverett 3 1 5 10 7 12 2 8 9 6 4 11 
395 4 Eliot 12 8 1 10 4 9 3 6 5 11 7 2 
396 4 Eliot 7 12 3 1 8 10 4 2 9 5 11 6 
397 7 Kirkland 2 1 5 7 6 4 10 12 9 11 8 3 
398 2 Leverett 9 11 6 7 8 5 2 12 4 3 10 1 
399 3 Pfoho 5 9 6 4 7 1 10 3 12 8 2 11 
