0 7 Kirkland 10 11 6 7 5 4 9 8 2 1 12 3 
1 5 Quincy 3 6 5 2 4 7 10 9 1 8 11 12 
2 2 Lowell 6 8 9 7 11 3 10 4 12 1 5 2 
3 1 Leverett 8 10 12 9 2 6 7 4 5 3 1 11 
4 3 Currier 5 9 3 11 1 10 2 6 8 12 4 7 
5 3 Adams 11 5 9 6 4 7 3 10 8 2 1 12 
6 3 Cabot 8 4 10 5 7 9 11 2 12 1 3 6 
7 3 Cabot 11 10 8 4 5 1 3 7 9 2 12 6 
8 8 Eliot 8 6 1 7 3 9 4 5 11 12 10 2 
9 7 Adams 6 12 3 11 9 2 5 8 4 10 7 1 
10 3 Mather 4 6 2 8 3 5 1 10 11 12 9 7 
11 7 Kirkland 4 5 8 1 9 12 11 2 10 6 3 7 
12 7 Winthrop 9 8 4 3 11 1 5 12 2 7 10 6 
13 4 Winthrop 3 11 6 12 1 7 2 4 5 8 9 10 
14 5 Leverett 6 5 1 8 4 3 7 11 9 2 12 10 
15 1 Currier 11 3 6 2 12 8 10 5 9 4 7 1 
16 1 Eliot 10 8 5 1 11 6 7 4 12 2 3 9 
17 2 Winthrop 2 1 4 12 7 8 10 9 6 3 11 5 
18 2 Adams 4 11 7 9 6 5 3 12 8 10 1 2 
19 1 Quincy 6 2 1 9 11 7 8 10 4 5 3 12 
20 8 Lowell 10 11 4 1 8 9 3 5 7 6 12 2 
21 3 Leverett 8 12 3 6 10 2 5 9 4 7 11 1 
22 4 Cabot 8 10 9 1 2 7 5 12 11 6 3 4 
23 5 Quincy 6 3 5 10 7 4 11 2 8 1 12 9 
24 1 Cabot 9 8 11 5 6 12 1 3 7 4 10 2 
25 4 Dunster 11 7 2 9 3 1 10 6 12 8 5 4 
26 2 Adams 3 11 1 5 2 9 8 7 4 6 12 10 
27 8 Pfoho 1 7 8 9 11 2 10 6 3 5 4 12 
28 1 Adams 6 4 5 10 12 3 1 2 7 9 8 11 
29 8 Leverett 10 9 1 11 3 6 7 4 5 12 2 8 
30 8 Mather 1 12 10 7 2 11 4 9 8 3 5 6 
31 1 Eliot 4 7 9 2 8 10 1 3 12 5 11 6 
32 3 Kirkland 7 5 12 11 9 8 4 2 3 6 1 10 
33 2 Leverett 2 4 5 8 12 7 6 10 3 11 9 1 
34 3 Adams 2 10 9 3 11 5 1 6 8 7 4 12 
35 7 Quincy 6 1 11 8 2 4 3 12 9 7 5 10 
36 3 Quincy 2 3 5 10 9 12 4 6 7 1 8 11 
37 7 Lowell 12 1 4 11 3 2 8 6 7 5 9 10 
38 6 Leverett 5 6 9 2 4 11 8 1 3 7 12 10 
39 6 Cabot 11 7 4 5 1 6 10 3 2 8 9 12 
40 3 Mather 9 1 12 5 3 4 6 2 10 7 8 11 
41 8 Lowell 12 11 9 8 5 2 3 1 10 4 6 7 
42 7 Quincy 6 2 1 4 11 8 7 5 3 12 9 10 
43 2 Adams 5 4 6 1 9 8 3 11 2 7 10 12 
44 6 Winthrop 2 11 4 9 12 7 1 10 6 8 3 5 
45 3 Quincy 8 3 12 11 6 4 5 9 7 10 1 2 
46 2 Leverett 11 8 5 10 3 7 9 4 6 12 2 1 
47 4 Mather 10 9 6 4 5 7 1 11 12 2 3 8 
48 2 Mather 12 11 6 2 1 8 7 5 4 3 9 10 
49 2 Cabot 12 8 6 3 2 7 9 11 1 10 5 4 
50 1 Cabot 9 11 2 1 4 8 3 12 7 5 6 10 
51 5 Leverett 4 1 9 6 12 10 5 2 8 7 11 3 
52 7 Winthrop 10 1 11 4 3 12 7 9 6 8 5 2 
53 5 Adams 12 1 8 5 2 11 3 10 4 7 6 9 
54 3 Kirkland 11 1 4 12 6 10 5 3 9 7 8 2 
55 7 Currier 9 3 8 1 7 2 5 10 6 4 12 11 
56 3 Quincy 3 1 9 10 4 7 8 2 12 11 5 6 
57 6 Currier 8 5 1 10 6 4 7 11 12 3 2 9 
58 6 Kirkland 11 9 4 10 3 6 2 12 8 5 7 1 
59 6 Currier 1 10 3 12 8 11 6 5 2 9 4 7 
60 2 Cabot 2 12 5 10 3 9 7 11 8 1 4 6 
61 7 Lowell 5 4 2 7 9 8 1 10 12 3 6 11 
62 6 Eliot 10 1 3 4 11 5 7 9 6 8 12 2 
63 3 Leverett 4 7 8 2 3 11 1 10 12 6 5 9 
64 5 Lowell 8 2 11 10 3 9 7 12 1 5 4 6 
65 6 Lowell 8 11 9 12 2 5 1 4 3 6 7 10 
66 4 Currier 2 3 9 10 11 4 5 12 7 8 6 1 
67 8 Adams 5 9 12 11 3 2 4 6 8 1 10 7 
68 7 Pfoho 4 10 5 2 8 9 1 6 7 3 12 11 
69 3 Adams 5 6 3 8 7 1 11 4 2 10 9 12 
70 8 Kirkland 7 2 8 3 9 1 5 10 4 12 6 11 
71 6 Winthrop 6 1 2 4 7 10 3 8 12 9 11 5 
72 3 Leverett 11 12 9 7 1 10 5 8 4 6 2 3 
73 1 Adams 8 5 9 10 2 6 4 1 7 12 3 11 
74 4 Lowell 6 1 3 11 7 4 10 12 9 5 2 8 
75 7 Eliot 1 6 5 7 3 8 2 11 12 4 9 10 
76 7 Cabot 7 11 6 12 2 5 1 3 10 9 4 8 
77 4 Eliot 10 4 1 7 5 2 8 6 9 12 11 3 
78 2 Eliot 3 7 8 5 9 4 2 10 12 1 11 6 
79 6 Pfoho 8 12 1 2 5 11 10 6 7 3 4 9 
80 2 Mather 1 5 8 10 11 3 6 4 7 12 9 2 
81 7 Pfoho 4 8 9 10 1 6 7 2 5 12 11 3 
82 8 Currier 4 5 2 10 9 7 8 11 6 1 3 12 
83 1 Kirkland 5 6 8 7 1 2 12 10 11 3 9 4 
84 8 Currier 1 2 11 4 7 9 5 6 12 3 10 8 
85 6 Cabot 4 5 8 10 11 6 1 12 2 3 7 9 
86 1 Leverett 11 7 5 9 1 12 2 3 4 10 6 8 
87 3 Lowell 3 1 5 4 11 10 6 8 9 2 7 12 
88 4 Winthrop 12 4 9 11 8 10 3 2 6 5 1 7 
89 4 Currier 11 8 1 12 6 2 3 4 9 10 5 7 
90 4 Eliot 2 1 5 7 10 8 6 9 11 3 12 4 
91 4 Eliot 1 6 3 5 12 4 10 9 7 8 2 11 
92 8 Pfoho 11 10 2 4 6 5 8 1 7 3 9 12 
93 8 Leverett 10 5 6 9 12 3 7 8 1 11 2 4 
94 7 Kirkland 12 2 9 3 4 11 10 7 5 8 6 1 
95 1 Adams 10 6 4 9 1 5 8 11 2 12 3 7 
96 6 Winthrop 8 4 6 1 3 2 12 7 10 11 9 5 
97 8 Eliot 1 5 3 12 10 7 4 6 2 11 8 9 
98 1 Mather 10 9 7 4 8 12 11 5 3 6 1 2 
99 1 Eliot 2 4 5 10 7 8 9 11 3 6 1 12 
100 8 Dunster 12 3 2 1 8 4 7 5 11 9 10 6 
101 3 Leverett 8 1 9 4 10 7 2 5 12 3 6 11 
102 2 Leverett 2 12 7 9 3 1 11 5 10 8 4 6 
103 3 Leverett 8 7 1 5 11 12 9 6 4 2 3 10 
104 6 Eliot 3 6 5 10 9 2 11 1 12 7 8 4 
105 8 Mather 12 2 5 1 6 8 10 3 9 4 7 11 
106 5 Adams 3 8 7 6 9 5 10 11 4 1 2 12 
107 8 Winthrop 11 5 7 12 1 10 4 9 3 2 8 6 
108 4 Pfoho 7 6 4 8 5 12 10 2 1 11 9 3 
109 8 Lowell 6 11 7 9 8 3 10 5 2 12 1 4 
110 8 Eliot 5 12 9 2 3 6 1 8 4 7 11 10 
111 5 Quincy 3 8 7 6 5 9 2 10 11 1 12 4 
112 8 Pfoho 5 7 9 11 10 2 8 12 4 1 3 6 
113 1 Dunster 7 1 10 8 5 4 6 11 3 12 2 9 
114 2 Dunster 10 8 12 9 7 11 3 6 1 4 2 5 
115 5 Cabot 12 2 9 5 1 7 10 3 6 4 11 8 
116 4 Dunster 3 1 10 5 6 2 8 11 12 9 7 4 
117 2 Dunster 7 3 2 6 1 8 11 10 12 4 5 9 
118 8 Quincy 11 1 5 9 8 7 10 2 4 6 3 12 
119 6 Dunster 10 8 2 4 6 3 12 9 7 11 1 5 
120 8 Dunster 8 10 5 1 12 2 7 9 4 11 3 6 
121 3 Mather 11 5 6 1 9 4 12 7 10 2 8 3 
122 5 Adams 8 6 2 11 9 3 7 10 5 12 1 4 
123 2 Dunster 11 10 3 4 6 8 1 2 12 7 9 5 
124 1 Leverett 8 9 2 10 1 3 6 11 5 12 4 7 
125 7 Kirkland 2 1 9 3 11 4 10 7 12 6 5 8 
126 6 Mather 6 4 10 2 12 8 3 9 1 5 11 7 
127 5 Kirkland 12 7 4 2 9 11 8 3 10 6 1 5 
128 4 Lowell 10 7 12 1 3 11 2 4 9 8 6 5 
129 3 Kirkland 11 9 2 3 12 4 10 7 1 8 6 5 
130 7 Pfoho 11 5 9 4 2 3 7 12 6 8 1 10 
131 6 Dunster 2 3 11 9 6 12 8 1 10 4 7 5 
132 1 Adams 10 7 2 4 3 11 6 5 8 1 12 9 
133 4 Cabot 1 8 11 3 6 4 12 10 5 7 2 9 
134 3 Cabot 9 4 1 6 11 8 3 2 5 7 12 10 
135 7 Eliot 5 6 2 4 7 11 3 12 1 8 10 9 
136 3 Winthrop 5 8 6 9 4 7 12 10 1 11 3 2 
137 7 Cabot 8 4 2 7 9 11 1 6 12 3 10 5 
138 5 Leverett 11 6 12 1 10 7 4 2 8 5 9 3 
139 3 Lowell 1 6 2 5 3 8 9 11 12 10 4 7 
140 4 Dunster 12 11 10 3 8 9 4 5 2 1 6 7 
141 4 Kirkland 10 7 4 8 5 11 3 9 2 12 1 6 
142 7 Adams 5 9 2 3 4 12 1 7 6 11 10 8 
143 6 Quincy 12 5 9 6 3 4 7 11 2 1 10 8 
144 3 Dunster 2 8 12 9 5 3 6 11 10 4 7 1 
145 3 Leverett 4 3 8 5 2 9 10 6 11 1 7 12 
146 5 Quincy 10 5 7 11 12 3 6 2 4 8 9 1 
147 5 Quincy 3 7 6 4 5 8 11 10 12 1 9 2 
148 7 Cabot 5 2 12 6 10 11 9 8 1 7 3 4 
149 8 Mather 7 5 2 6 1 4 9 12 8 10 3 11 
150 8 Cabot 2 7 8 10 3 11 4 5 1 9 6 12 
151 1 Winthrop 10 9 4 7 12 5 1 6 2 3 11 8 
152 2 Currier 4 11 6 8 10 3 7 2 12 9 1 5 
153 4 Leverett 3 12 11 1 4 9 5 7 6 8 10 2 
154 3 Eliot 7 1 12 6 10 8 11 9 3 4 5 2 
155 6 Eliot 9 6 12 7 1 10 4 2 5 3 11 8 
156 4 Cabot 10 9 8 5 7 3 11 4 2 12 1 6 
157 4 Leverett 6 8 10 4 9 7 3 12 5 2 11 1 
158 8 Adams 6 8 5 11 7 9 3 4 10 1 2 12 
159 1 Leverett 3 6 12 1 4 7 10 11 5 9 8 2 
160 5 Leverett 2 5 9 7 3 6 10 11 1 4 12 8 
161 7 Kirkland 8 10 12 3 1 4 7 9 2 5 11 6 
162 4 Currier 6 5 4 1 2 8 7 12 9 11 10 3 
163 5 Cabot 7 3 9 6 4 1 8 11 2 12 5 10 
164 4 Kirkland 12 1 4 7 11 2 5 8 6 9 10 3 
165 3 Kirkland 1 7 10 12 9 4 5 2 3 8 11 6 
166 2 Cabot 4 11 1 8 6 7 10 9 3 12 5 2 
167 6 Dunster 3 2 8 1 5 10 7 6 12 9 11 4 
168 6 Eliot 9 12 6 4 11 10 1 8 7 2 5 3 
169 4 Pfoho 6 11 2 8 9 1 4 10 12 3 7 5 
170 2 Quincy 7 9 2 4 8 3 6 1 11 12 10 5 
171 4 Leverett 2 5 10 1 11 7 8 4 12 9 6 3 
172 3 Adams 3 4 10 12 9 7 5 11 6 1 8 2 
173 4 Dunster 1 4 2 10 6 5 11 9 8 3 12 7 
174 4 Winthrop 6 9 3 1 12 8 10 4 7 5 2 11 
175 1 Dunster 6 8 4 1 5 11 3 10 9 2 12 7 
176 2 Kirkland 9 7 8 12 10 5 3 2 6 1 4 11 
177 2 Mather 1 11 5 8 6 12 7 4 2 9 10 3 
178 6 Pfoho 9 10 1 2 12 7 8 11 6 4 3 5 
179 4 Winthrop 5 2 9 6 3 11 1 8 10 12 4 7 
180 5 Quincy 9 3 12 8 1 4 6 2 7 11 5 10 
181 6 Mather 10 11 6 7 12 3 2 1 5 4 8 9 
182 2 Winthrop 4 11 12 5 6 10 3 9 1 2 8 7 
183 7 Lowell 6 10 5 11 9 2 3 4 1 8 7 12 
184 1 Currier 5 3 12 4 7 11 10 6 1 8 9 2 
185 8 Eliot 10 11 9 12 6 7 5 2 1 8 3 4 
186 6 Mather 4 12 7 8 10 5 1 9 11 3 2 6 
187 2 Pfoho 9 8 11 3 10 1 4 12 2 6 7 5 
188 6 Winthrop 7 1 8 11 10 5 9 4 6 2 3 12 
189 7 Lowell 8 12 4 3 5 2 6 11 7 1 10 9 
190 8 Dunster 7 10 8 11 12 1 4 5 3 6 2 9 
191 5 Cabot 9 7 12 11 5 10 1 3 2 6 8 4 
192 8 Mather 10 11 4 6 12 5 3 1 9 7 2 8 
193 8 Winthrop 1 3 4 12 6 2 7 9 11 10 8 5 
194 5 Winthrop 6 1 10 3 4 2 5 9 7 8 11 12 
195 5 Winthrop 3 7 8 10 12 4 2 1 6 11 9 5 
196 5 Quincy 10 6 12 5 11 9 4 8 7 2 1 3 
197 1 Eliot 2 3 7 12 10 6 5 9 4 8 11 1 
198 1 Quincy 3 5 8 6 12 1 7 10 9 11 4 2 
199 4 Eliot 8 6 1 12 7 2 5 11 10 9 3 4 
200 4 Leverett 3 9 4 11 7 1 10 8 2 12 5 6 
201 3 Leverett 2 3 4 11 5 12 8 6 10 7 9 1 
202 3 Eliot 12 4 10 2 5 11 7 9 3 8 6 1 
203 2 Eliot 9 2 3 6 12 8 5 11 4 10 7 1 
204 4 Kirkland 6 11 5 3 4 10 1 7 8 9 12 2 
205 7 Quincy 9 2 10 7 6 11 5 1 8 4 12 3 
206 4 Winthrop 8 6 10 5 7 2 4 1 12 11 3 9 
207 7 Kirkland 3 10 6 9 12 1 5 4 8 2 11 7 
208 7 Kirkland 7 12 10 4 6 2 1 5 9 11 8 3 
209 3 Kirkland 2 1 11 3 5 10 4 8 9 6 7 12 
210 3 Adams 3 1 9 5 10 7 4 6 11 8 2 12 
211 8 Leverett 9 8 12 2 3 1 6 7 10 4 11 5 
212 1 Lowell 10 3 7 1 5 11 8 12 4 9 2 6 
213 4 Leverett 8 10 2 9 5 11 6 7 12 3 1 4 
214 6 Currier 10 7 1 12 3 9 4 8 6 11 5 2 
215 1 Mather 9 11 6 10 2 1 8 12 3 7 4 5 
216 5 Adams 2 6 12 7 9 8 10 5 1 3 11 4 
217 5 Winthrop 2 4 10 9 3 8 7 6 5 1 12 11 
218 1 Quincy 2 4 1 3 7 11 8 9 6 10 5 12 
219 1 Eliot 11 4 6 9 3 12 8 5 1 10 2 7 
220 3 Winthrop 10 4 3 7 8 9 1 5 11 12 6 2 
221 4 Quincy 9 5 6 12 10 7 8 4 3 2 1 11 
222 4 Eliot 9 10 6 12 7 4 8 2 11 1 5 3 
223 3 Leverett 7 3 9 11 4 8 6 5 10 2 12 1 
224 6 Currier 12 1 3 4 11 9 8 2 5 6 7 10 
225 3 Lowell 7 4 2 5 10 1 6 3 8 12 11 9 
226 3 Leverett 5 2 1 12 7 11 8 4 3 9 10 6 
227 4 Currier 11 3 5 6 12 4 2 8 9 10 1 7 
228 3 Dunster 1 12 4 2 7 6 3 8 11 9 10 5 
229 2 Adams 6 10 5 12 1 4 9 11 3 8 7 2 
230 4 Kirkland 6 8 1 10 9 7 3 4 12 11 2 5 
231 1 Eliot 3 7 4 11 10 12 8 9 5 1 6 2 
232 4 Leverett 8 3 5 9 2 4 10 12 1 6 7 11 
233 4 Kirkland 2 8 10 9 11 12 5 3 7 6 4 1 
234 4 Quincy 5 8 6 1 7 9 11 10 3 2 12 4 
235 1 Adams 7 10 8 5 3 12 1 6 9 11 4 2 
236 1 Quincy 8 1 2 4 5 3 11 9 10 7 12 6 
237 2 Adams 2 5 12 10 9 7 1 4 11 6 8 3 
238 5 Pfoho 7 8 2 4 1 9 5 6 3 11 12 10 
239 8 Pfoho 3 5 4 2 6 10 8 11 7 9 12 1 
240 3 Quincy 6 7 11 9 3 1 12 2 8 5 4 10 
241 2 Leverett 7 5 6 11 9 1 2 3 8 12 4 10 
242 1 Eliot 12 7 1 9 5 11 6 3 10 8 4 2 
243 3 Lowell 7 8 10 12 4 11 9 1 2 5 6 3 
244 5 Quincy 3 7 8 5 6 4 10 11 2 9 1 12 
245 6 Pfoho 6 12 9 10 1 4 7 2 5 3 11 8 
246 5 Quincy 10 3 1 5 12 2 7 8 11 9 4 6 
247 4 Lowell 4 8 9 5 1 12 11 2 10 6 7 3 
248 3 Cabot 1 3 10 2 6 11 4 5 8 9 7 12 
249 1 Mather 8 6 5 12 1 4 10 2 7 3 11 9 
250 2 Eliot 11 10 7 4 2 1 5 9 3 8 12 6 
251 1 Mather 8 10 9 5 11 2 12 3 6 1 4 7 
252 3 Quincy 10 9 4 6 8 12 1 2 7 11 5 3 
253 1 Dunster 6 8 10 1 4 5 9 3 7 2 11 12 
254 4 Dunster 10 4 3 12 5 11 7 2 8 1 9 6 
255 4 Pfoho 6 1 8 12 9 2 10 3 4 7 5 11 
256 4 Mather 3 8 6 10 7 4 9 11 1 5 12 2 
257 6 Eliot 9 8 7 2 1 10 4 6 5 3 12 11 
258 1 Kirkland 11 5 4 7 3 9 12 2 10 8 6 1 
259 8 Dunster 10 8 6 7 5 3 4 2 1 11 9 12 
260 4 Lowell 10 4 9 12 3 6 5 7 11 2 1 8 
261 1 Pfoho 4 7 5 6 9 2 10 3 11 8 12 1 
262 4 Kirkland 5 2 10 8 1 7 3 11 12 9 6 4 
263 5 Pfoho 9 4 8 10 12 7 2 3 5 1 11 6 
264 5 Pfoho 1 10 11 6 12 2 3 5 9 4 8 7 
265 6 Eliot 3 12 1 8 6 7 4 5 11 2 9 10 
266 5 Cabot 5 9 11 12 1 8 7 10 6 4 2 3 
267 1 Adams 7 2 12 10 9 11 1 6 3 5 8 4 
268 1 Quincy 3 12 1 4 6 10 2 9 11 5 8 7 
269 6 Cabot 4 10 12 9 1 2 8 11 6 7 5 3 
270 1 Adams 8 9 1 2 11 3 6 4 5 10 12 7 
271 7 Eliot 12 5 9 1 8 6 3 10 7 4 2 11 
272 5 Leverett 5 11 8 4 7 2 10 1 3 9 12 6 
273 3 Kirkland 1 5 2 11 6 8 9 10 3 4 7 12 
274 8 Leverett 1 12 7 8 10 6 3 4 5 2 11 9 
275 7 Kirkland 8 12 7 2 10 11 3 5 1 9 6 4 
276 8 Winthrop 9 8 1 2 4 7 3 11 5 6 10 12 
277 8 Winthrop 4 11 7 1 3 8 12 10 2 9 6 5 
278 7 Adams 1 10 5 9 4 12 6 8 11 3 7 2 
279 7 Cabot 10 4 7 11 6 2 5 8 3 9 1 12 
280 6 Winthrop 10 12 2 8 1 5 11 9 4 6 7 3 
281 6 Lowell 10 4 9 6 12 1 3 8 11 2 5 7 
282 6 Currier 8 5 1 3 12 9 4 2 10 6 11 7 
283 5 Cabot 8 4 12 11 9 5 3 6 7 2 10 1 
284 2 Eliot 10 1 11 8 3 2 5 6 12 4 7 9 
285 5 Mather 7 1 8 4 9 2 12 5 10 6 3 11 
286 6 Kirkland 8 2 1 4 10 7 9 12 5 11 3 6 
287 3 Currier 2 5 8 12 9 10 4 6 1 7 11 3 
288 1 Quincy 11 7 12 10 4 6 2 9 3 5 1 8 
289 4 Adams 5 9 1 11 3 10 2 7 12 8 6 4 
290 4 Kirkland 4 3 8 2 11 12 5 9 10 1 7 6 
291 2 Cabot 5 10 2 7 11 1 8 6 9 3 4 12 
292 1 Dunster 10 1 9 6 5 8 2 12 4 7 3 11 
293 6 Pfoho 5 12 2 8 1 10 7 6 4 11 3 9 
294 2 Mather 3 10 4 1 5 11 7 2 12 6 8 9 
295 8 Winthrop 2 12 11 3 7 10 6 8 9 5 1 4 
296 5 Quincy 1 3 4 12 2 5 6 9 7 10 8 11 
297 6 Mather 11 6 5 2 4 7 10 12 1 3 9 8 
298 3 Currier 6 3 12 5 7 4 9 11 8 10 1 2 
299 7 Quincy 1 6 5 7 11 4 8 9 2 12 10 3 
300 2 Leverett 5 8 6 1 4 11 2 3 9 12 10 7 
301 2 Leverett 10 6 4 12 9 7 11 3 8 1 5 2 
302 3 Quincy 2 12 8 10 5 3 9 7 4 11 1 6 
303 4 Winthrop 9 7 2 6 10 11 3 8 12 4 5 1 
304 1 Mather 2 12 1 8 10 4 9 7 3 6 5 11 
305 6 Currier 7 6 3 1 11 2 8 5 9 4 12 10 
306 2 Dunster 2 10 3 9 7 4 8 11 5 1 12 6 
307 6 Eliot 3 10 7 8 2 11 9 1 5 4 6 12 
308 3 Cabot 4 6 12 1 9 10 8 11 3 7 2 5 
309 2 Cabot 7 5 9 2 8 1 11 6 12 4 10 3 
310 2 Kirkland 2 1 6 3 10 11 8 5 9 7 4 12 
311 2 Currier 12 6 3 2 10 8 11 5 9 7 1 4 
312 7 Kirkland 5 11 3 10 12 8 4 9 7 6 2 1 
313 8 Eliot 9 12 8 5 6 11 4 3 10 1 7 2 
314 1 Lowell 11 7 6 2 4 5 12 8 9 1 3 10 
315 2 Lowell 8 3 7 1 5 2 12 9 6 11 10 4 
316 1 Mather 9 1 12 3 6 5 11 7 4 2 10 8 
317 6 Cabot 7 6 9 10 11 4 12 3 5 8 2 1 
318 4 Adams 7 5 11 10 9 4 1 8 12 6 3 2 
319 5 Lowell 9 10 8 12 7 1 5 3 11 6 4 2 
320 1 Pfoho 4 11 8 6 2 3 9 7 5 10 1 12 
321 5 Pfoho 9 7 4 1 12 10 5 11 3 6 8 2 
322 4 Pfoho 1 9 6 4 5 11 10 3 7 2 12 8 
323 4 Lowell 4 10 5 7 3 11 9 6 1 8 2 12 
324 7 Dunster 9 8 12 1 3 4 7 6 11 2 5 10 
325 4 Winthrop 12 8 6 2 9 1 3 7 5 10 11 4 
326 5 Adams 12 2 7 6 10 8 1 9 3 4 5 11 
327 3 Pfoho 3 12 8 10 6 4 11 7 5 1 9 2 
328 1 Currier 3 1 11 9 10 4 2 6 12 7 5 8 
329 6 Pfoho 8 5 6 12 3 10 1 7 4 2 11 9 
330 8 Quincy 9 4 7 2 1 11 5 10 8 6 3 12 
331 1 Kirkland 12 2 5 3 1 8 11 10 7 9 6 4 
332 6 Leverett 1 3 4 7 10 12 11 6 8 5 9 2 
333 2 Kirkland 9 5 7 3 10 6 4 11 2 12 1 8 
334 1 Currier 5 3 4 10 6 11 12 7 1 8 2 9 
335 1 Quincy 4 8 1 10 9 12 3 5 2 7 6 11 
336 1 Winthrop 1 6 8 12 9 5 2 4 3 7 10 11 
337 8 Quincy 12 1 7 2 9 4 6 10 8 11 3 5 
338 3 Winthrop 5 4 6 10 3 2 12 1 8 7 11 9 
339 7 Pfoho 7 5 6 12 3 1 10 4 2 8 11 9 
340 5 Cabot 9 8 12 1 10 7 5 3 2 11 4 6 
341 4 Currier 7 6 3 4 5 10 2 9 8 12 1 11 
342 4 Leverett 1 7 6 11 12 8 9 3 10 5 2 4 
343 3 Adams 10 4 5 1 8 9 2 6 11 3 7 12 
344 2 Kirkland 11 1 4 9 10 8 7 6 5 2 12 3 
345 5 Kirkland 4 7 2 3 11 10 5 8 9 6 1 12 
346 7 Kirkland 7 10 12 5 1 2 11 3 9 4 6 8 
347 4 Leverett 9 3 5 8 10 11 7 6 1 2 12 4 
348 7 Pfoho 6 12 7 1 2 9 4 11 10 8 5 3 
349 6 Adams 11 5 7 10 12 8 1 9 2 6 4 3 
350 7 Winthrop 10 1 5 6 2 11 8 3 12 4 7 9 
351 4 Kirkland 12 1 3 6 10 8 5 11 2 9 4 7 
352 6 Cabot 5 10 12 9 4 3 7 6 2 11 1 8 
353 8 Winthrop 9 8 2 7 4 12 11 6 3 1 5 10 
354 1 Winthrop 6 3 4 8 12 9 10 2 1 11 5 7 
355 1 Winthrop 10 5 11 3 2 8 1 7 12 4 9 6 
356 8 Kirkland 9 11 6 1 4 12 2 8 7 5 10 3 
357 8 Currier 3 2 9 5 8 12 4 6 11 7 10 1 
358 2 Kirkland 1 9 12 7 4 8 3 11 6 2 5 10 
359 3 Dunster 12 8 4 5 3 7 1 10 11 6 9 2 
360 5 Mather 1 5 2 8 6 7 9 3 12 11 10 4 
361 2 Winthrop 11 12 9 2 6 10 3 8 1 5 4 7 
362 3 Mather 3 9 1 7 2 8 6 5 11 12 4 10 
363 5 Dunster 12 3 2 6 5 1 10 4 7 8 11 9 
364 2 Adams 3 5 10 7 2 6 4 12 8 1 9 11 
365 5 Kirkland 11 7 1 4 9 3 8 6 10 2 5 12 
366 6 Cabot 4 6 10 11 12 5 8 9 2 7 3 1 
367 6 Mather 8 12 6 5 9 7 11 3 4 10 1 2 
368 4 Currier 11 7 10 5 12 9 3 8 6 4 1 2 
369 6 Dunster 10 12 9 8 5 6 3 2 4 7 11 1 
370 8 Dunster 6 5 11 3 7 9 2 12 1 4 10 8 
371 8 Leverett 6 12 8 9 1 3 10 11 4 2 7 5 
372 8 Leverett 3 6 2 4 1 7 11 8 9 5 12 10 
373 8 Adams 10 8 7 12 1 2 11 4 5 6 9 3 
374 7 Currier 8 9 7 3 10 5 6 4 11 2 1 12 
375 5 Quincy 10 3 8 2 5 11 9 6 7 12 1 4 
376 2 Currier 2 4 6 5 7 3 12 8 11 10 1 9 
377 4 Dunster 1 3 7 6 11 5 8 9 2 12 4 10 
378 6 Mather 8 2 10 7 5 3 12 9 1 11 4 6 
379 5 Quincy 10 6 2 5 1 11 9 4 12 8 7 3 
380 7 Leverett 10 11 12 7 8 5 4 1 2 3 6 9 
381 5 Pfoho 7 4 10 1 12 5 6 11 3 8 9 2 
382 4 Eliot 11 3 4 6 8 12 1 7 2 10 5 9 
383 3 Mather 12 2 1 7 8 5 3 10 11 4 6 9 
384 4 Quincy 6 12 4 1 11 8 3 9 2 5 10 7 
385 6 Mather 6 3 9 10 7 1 4 11 8 12 2 5 
386 6 Pfoho 7 12 1 5 4 9 3 2 6 10 11 8 
387 3 Mather 5 9 7 11 8 2 1 10 12 3 4 6 
388 6 Eliot 10 11 12 2 6 3 5 1 8 4 7 9 
389 2 Currier 1 9 11 3 2 8 7 10 4 6 5 12 
390 5 Quincy 6 1 11 7 10 9 12 3 2 5 8 4 
391 3 Winthrop 10 8 5 9 7 1 11 2 12 3 6 4 
392 4 Quincy 12 11 4 2 5 1 8 10 6 7 9 3 
393 3 Kirkland 5 7 12 6 1 11 2 3 4 10 9 8 
394 8 Winthrop 5 2 10 4 12 1 8 7 9 11 3 6 
395 1 Kirkland 10 5 9 2 7 8 12 4 3 1 6 11 
396 2 Eliot 7 11 9 2 3 10 5 1 12 6 4 8 
397 6 Cabot 1 9 8 5 2 11 6 10 3 7 12 4 
398 8 Adams 10 7 2 11 5 8 9 3 12 1 6 4 
399 7 Dunster 2 6 9 10 12 3 7 4 8 1 11 5 
