0 5 ['Cabot'] 2 9 6 12 8 7 3 1 4 11 5 10 
1 1 ['Dunster'] 9 7 10 8 2 12 1 3 11 6 4 5 
2 7 ['Currier'] 6 3 12 8 9 4 5 7 10 2 11 1 
3 4 ['Eliot'] 7 6 5 9 3 10 4 2 12 1 11 8 
4 6 ['Adams'] 12 1 8 7 5 9 2 11 10 4 3 6 
5 6 ['Adams'] 11 5 9 4 7 6 8 12 1 10 2 3 
6 3 ['Currier'] 5 11 10 4 1 2 3 12 9 7 6 8 
7 7 ['Eliot'] 4 12 5 3 1 6 2 10 11 9 8 7 
8 2 ['Lowell'] 7 8 2 3 1 10 5 9 11 6 12 4 
9 2 ['Lowell'] 11 4 6 7 10 8 1 2 5 3 9 12 
10 8 ['Pfoho'] 11 10 9 3 8 4 7 1 5 2 12 6 
11 8 ['Leverett'] 11 5 7 1 3 4 6 12 8 10 2 9 
12 6 ['Cabot'] 9 6 12 10 3 4 5 11 1 7 8 2 
13 2 ['Adams'] 1 8 9 6 7 4 2 12 5 3 11 10 
14 1 ['Lowell'] 9 10 8 4 2 6 3 7 12 11 1 5 
15 3 ['Kirkland'] 9 3 12 4 10 7 2 11 1 8 6 5 
16 4 ['Eliot'] 1 7 10 3 8 4 9 6 5 12 11 2 
17 5 ['Mather'] 10 4 9 6 3 7 2 8 12 11 1 5 
18 5 ['Quincy'] 1 2 12 7 6 4 11 3 9 8 5 10 
19 8 ['Eliot'] 2 12 7 6 4 8 10 9 5 1 11 3 
20 3 ['Kirkland'] 6 10 7 4 12 9 8 5 11 1 3 2 
21 7 ['Eliot'] 11 6 3 9 12 7 10 8 1 2 4 5 
22 2 ['Eliot'] 6 7 10 1 12 5 8 9 2 11 4 3 
23 2 ['Lowell'] 5 8 1 10 9 4 6 2 12 11 7 3 
24 5 ['Eliot'] 3 12 1 10 11 9 4 6 2 5 8 7 
25 4 ['Cabot'] 3 7 5 6 9 8 1 4 2 10 11 12 
26 1 ['Leverett'] 2 12 11 1 10 8 5 9 7 4 3 6 
27 3 ['Quincy'] 9 4 5 11 1 6 3 12 10 7 2 8 
28 2 ['Dunster'] 5 3 8 6 12 2 11 7 4 1 9 10 
29 8 ['Eliot'] 4 12 8 6 10 5 2 11 3 1 9 7 
30 5 ['Currier'] 9 4 1 8 11 12 2 7 3 5 10 6 
31 5 ['Dunster'] 7 5 2 10 6 8 12 1 9 4 3 11 
32 1 ['Pfoho'] 6 1 7 4 5 8 2 3 12 11 10 9 
33 6 ['Adams'] 2 8 11 10 5 1 9 7 6 3 4 12 
34 6 ['Kirkland'] 3 10 6 9 7 1 11 5 4 8 2 12 
35 8 ['Pfoho'] 3 1 10 6 7 11 12 9 5 4 8 2 
36 5 ['Leverett'] 3 11 1 4 8 6 10 12 7 2 9 5 
37 7 ['Lowell'] 12 3 5 6 7 4 8 10 11 2 1 9 
38 5 ['Lowell'] 5 4 10 3 1 7 9 2 8 6 12 11 
39 4 ['Leverett'] 8 11 12 5 10 7 3 4 2 6 9 1 
40 5 ['Mather'] 2 5 8 4 1 3 7 12 9 11 10 6 
41 5 ['Pfoho'] 12 7 3 2 4 9 1 5 10 11 8 6 
42 1 ['Quincy'] 6 11 2 9 3 7 1 12 10 8 5 4 
43 8 ['Mather'] 6 12 11 2 7 9 8 1 5 4 3 10 
44 3 ['Currier'] 2 8 6 1 10 4 3 7 5 12 9 11 
45 1 ['Currier'] 2 9 4 7 11 8 12 3 5 6 10 1 
46 1 ['Cabot'] 4 6 12 1 7 3 5 8 10 11 9 2 
47 5 ['Currier'] 6 4 11 10 2 1 9 7 5 3 12 8 
48 6 ['Eliot'] 7 11 8 1 5 4 2 12 6 3 10 9 
49 1 ['Currier'] 12 6 10 2 9 5 1 7 4 11 8 3 
50 1 ['Dunster'] 1 9 6 12 2 5 7 8 11 10 4 3 
51 6 ['Dunster'] 11 5 12 7 2 4 8 6 9 1 10 3 
52 1 ['Kirkland'] 6 2 8 3 9 11 10 12 4 7 5 1 
53 6 ['Mather'] 11 10 6 5 9 1 7 2 4 3 12 8 
54 2 ['Dunster'] 6 9 12 11 8 4 1 5 10 2 3 7 
55 4 ['Mather'] 11 7 9 10 4 5 2 12 1 6 3 8 
56 2 ['Leverett'] 11 8 2 6 9 12 1 5 10 3 4 7 
57 1 ['Quincy'] 9 8 2 4 6 10 11 12 3 5 1 7 
58 3 ['Eliot'] 6 12 3 11 2 5 8 10 9 4 7 1 
59 1 ['Eliot'] 6 4 12 5 8 2 11 9 1 3 10 7 
60 7 ['Winthrop'] 11 9 1 6 5 4 12 2 3 10 7 8 
61 5 ['Adams'] 4 5 2 7 8 11 6 9 1 12 3 10 
62 5 ['Cabot'] 10 12 9 5 2 3 7 1 8 11 4 6 
63 1 ['Leverett'] 11 5 3 9 12 8 1 10 7 4 6 2 
64 2 ['Kirkland'] 12 11 9 6 3 1 4 7 2 10 8 5 
65 2 ['Winthrop'] 7 11 5 4 10 12 1 8 9 2 3 6 
66 4 ['Adams'] 11 1 10 9 7 12 6 5 2 8 4 3 
67 3 ['Adams'] 2 11 8 4 12 6 5 1 3 10 9 7 
68 8 ['Winthrop'] 3 8 11 1 2 10 6 9 5 4 12 7 
69 7 ['Quincy'] 6 5 11 2 7 4 1 8 12 10 3 9 
70 1 ['Pfoho'] 8 4 2 10 9 6 12 7 5 3 11 1 
71 5 ['Leverett'] 11 8 3 4 12 10 7 6 2 5 1 9 
72 7 ['Winthrop'] 9 12 3 1 11 7 4 8 5 10 6 2 
73 1 ['Cabot'] 2 7 11 10 12 8 9 6 1 3 5 4 
74 6 ['Pfoho'] 4 12 5 10 1 2 6 9 3 7 11 8 
75 6 ['Currier'] 9 11 4 10 1 6 8 7 12 3 2 5 
76 6 ['Eliot'] 4 2 7 12 11 5 10 8 3 6 9 1 
77 5 ['Leverett'] 11 12 4 6 9 10 7 1 2 3 8 5 
78 2 ['Lowell'] 4 10 5 2 12 3 11 1 9 8 7 6 
79 3 ['Lowell'] 3 7 8 4 6 11 1 10 12 2 9 5 
80 4 ['Currier'] 5 4 8 9 11 12 1 6 2 7 10 3 
81 3 ['Lowell'] 8 5 4 2 7 6 9 11 12 10 3 1 
82 4 ['Currier'] 6 9 11 3 7 4 5 10 1 12 2 8 
83 7 ['Lowell'] 12 6 4 11 3 9 7 2 1 8 5 10 
84 3 ['Pfoho'] 8 7 6 9 2 5 12 4 1 11 3 10 
85 5 ['Eliot'] 5 2 7 4 9 1 10 8 12 6 3 11 
86 8 ['Pfoho'] 12 11 1 3 2 10 8 9 4 6 5 7 
87 8 ['Dunster'] 3 7 8 11 6 9 12 5 1 4 2 10 
88 8 ['Eliot'] 5 6 2 12 9 4 10 1 3 11 7 8 
89 7 ['Pfoho'] 10 12 6 5 9 3 8 11 1 7 4 2 
90 1 ['Dunster'] 2 12 3 10 1 9 4 11 7 5 8 6 
91 6 ['Leverett'] 11 4 1 3 2 12 9 7 5 6 8 10 
92 3 ['Eliot'] 6 9 1 10 5 12 2 7 11 3 4 8 
93 1 ['Lowell'] 7 2 9 3 8 5 12 10 4 1 11 6 
94 1 ['Pfoho'] 10 9 2 11 3 4 12 1 5 8 7 6 
95 4 ['Leverett'] 6 5 9 3 8 1 4 10 11 2 7 12 
96 3 ['Quincy'] 6 8 5 1 2 4 3 7 9 10 12 11 
97 3 ['Winthrop'] 4 7 10 2 3 5 12 8 6 11 1 9 
98 3 ['Lowell'] 10 2 5 7 9 6 3 12 11 4 1 8 
99 7 ['Adams'] 9 8 6 10 7 2 5 12 1 11 3 4 
100 2 ['Eliot'] 10 7 3 8 5 1 12 6 11 2 9 4 
101 8 ['Kirkland'] 4 5 1 10 7 8 3 6 11 12 2 9 
102 3 ['Cabot'] 9 2 4 10 5 6 12 11 3 8 1 7 
103 3 ['Eliot'] 2 6 4 11 12 7 10 8 5 3 9 1 
104 7 ['Kirkland'] 10 3 7 12 4 5 8 6 1 2 11 9 
105 6 ['Dunster'] 12 4 11 8 2 7 6 9 10 3 5 1 
106 5 ['Kirkland'] 11 1 12 8 10 9 6 7 2 4 5 3 
107 5 ['Quincy'] 9 3 7 8 4 11 5 6 1 2 10 12 
108 2 ['Dunster'] 12 3 7 4 9 8 1 11 2 5 10 6 
109 7 ['Mather'] 7 10 6 2 4 5 12 9 3 11 1 8 
110 7 ['Pfoho'] 12 8 6 2 3 7 4 11 1 9 5 10 
111 5 ['Leverett'] 12 11 4 8 6 9 10 3 7 2 1 5 
112 5 ['Quincy'] 7 8 2 6 4 9 1 11 5 12 3 10 
113 5 ['Winthrop'] 1 8 2 10 5 7 11 6 4 12 3 9 
114 7 ['Mather'] 9 8 6 5 10 12 2 4 7 11 1 3 
115 5 ['Lowell'] 7 8 1 12 11 4 6 3 2 9 10 5 
116 1 ['Leverett'] 1 7 6 5 11 8 3 4 9 2 10 12 
117 6 ['Leverett'] 2 9 5 6 3 12 10 11 4 1 8 7 
118 3 ['Adams'] 9 2 7 5 10 3 6 8 12 1 11 4 
119 7 ['Winthrop'] 3 5 8 9 2 11 4 12 6 10 7 1 
120 3 ['Cabot'] 9 8 2 5 1 12 4 7 6 3 10 11 
121 4 ['Pfoho'] 8 1 9 4 11 5 10 2 7 6 3 12 
122 2 ['Dunster'] 10 6 12 1 3 7 8 11 2 4 9 5 
123 2 ['Lowell'] 12 11 3 1 10 8 4 9 7 5 2 6 
124 6 ['Kirkland'] 12 9 10 3 11 8 7 2 1 5 4 6 
125 8 ['Adams'] 12 3 4 5 6 10 11 8 7 9 1 2 
126 3 ['Mather'] 6 4 9 3 10 2 7 8 5 11 12 1 
127 6 ['Cabot'] 10 7 4 1 8 9 3 5 11 12 2 6 
128 2 ['Leverett'] 1 11 3 4 5 10 7 6 8 9 2 12 
129 6 ['Pfoho'] 11 8 10 9 5 12 3 7 6 1 4 2 
130 8 ['Dunster'] 11 9 12 5 6 8 2 1 3 4 7 10 
131 1 ['Lowell'] 5 1 9 12 3 7 11 8 2 10 4 6 
132 6 ['Cabot'] 12 2 1 6 8 11 4 7 5 10 9 3 
133 7 ['Quincy'] 5 6 12 1 3 4 8 7 10 9 2 11 
134 2 ['Mather'] 1 9 3 11 4 8 7 6 2 12 10 5 
135 2 ['Pfoho'] 10 11 8 12 7 3 6 2 9 4 1 5 
136 5 ['Dunster'] 11 9 4 3 10 1 8 2 6 7 12 5 
137 8 ['Pfoho'] 9 1 11 12 8 3 4 2 10 7 6 5 
138 4 ['Quincy'] 4 8 6 7 11 12 5 10 3 2 1 9 
139 5 ['Mather'] 9 1 6 3 11 7 8 10 2 5 4 12 
140 8 ['Adams'] 11 7 6 9 4 2 12 1 8 10 5 3 
141 4 ['Dunster'] 9 1 12 10 4 11 8 2 3 6 5 7 
142 8 ['Leverett'] 9 11 1 5 4 7 8 6 12 10 3 2 
143 7 ['Cabot'] 12 3 9 6 2 11 8 1 10 7 4 5 
144 5 ['Dunster'] 3 10 7 9 5 2 1 11 6 12 8 4 
145 1 ['Cabot'] 2 8 7 12 3 10 9 11 5 4 6 1 
146 6 ['Pfoho'] 5 1 8 9 2 7 12 11 3 4 10 6 
147 7 ['Winthrop'] 5 1 2 7 8 9 3 6 11 10 12 4 
148 8 ['Kirkland'] 1 10 3 12 11 6 4 9 8 7 2 5 
149 6 ['Currier'] 10 3 8 2 7 12 4 1 11 6 5 9 
150 1 ['Quincy'] 12 7 4 9 11 8 2 6 1 3 10 5 
151 3 ['Cabot'] 4 1 8 11 2 10 12 7 3 6 9 5 
152 1 ['Lowell'] 9 4 7 5 3 12 8 11 10 1 2 6 
153 7 ['Leverett'] 12 6 8 5 7 2 4 1 10 9 3 11 
154 3 ['Winthrop'] 4 5 9 3 6 10 2 8 7 1 12 11 
155 7 ['Quincy'] 3 1 2 5 6 11 8 9 10 7 4 12 
156 4 ['Leverett'] 5 1 8 11 3 6 7 12 10 9 4 2 
157 5 ['Quincy'] 4 9 12 10 5 2 3 11 8 6 1 7 
158 6 ['Leverett'] 11 10 7 2 5 8 1 12 9 6 4 3 
159 8 ['Pfoho'] 8 10 5 7 3 4 2 6 12 11 9 1 
160 1 ['Kirkland'] 11 7 8 5 10 1 12 6 4 9 3 2 
161 6 ['Cabot'] 1 4 5 10 8 6 7 3 9 12 2 11 
162 6 ['Winthrop'] 7 1 11 5 4 8 12 2 3 6 9 10 
163 5 ['Kirkland'] 7 4 2 1 3 9 11 12 6 10 5 8 
164 8 ['Kirkland'] 3 10 12 5 9 6 7 4 11 2 1 8 
165 1 ['Mather'] 2 6 11 10 4 5 3 7 1 12 9 8 
166 2 ['Eliot'] 12 1 6 5 8 7 10 4 11 9 2 3 
167 7 ['Winthrop'] 7 2 6 1 12 11 8 9 3 5 4 10 
168 1 ['Eliot'] 10 9 11 6 2 4 7 3 8 12 1 5 
169 2 ['Adams'] 2 8 7 9 12 4 11 1 3 5 10 6 
170 8 ['Cabot'] 2 8 6 11 5 3 4 12 1 10 9 7 
171 2 ['Pfoho'] 2 9 5 8 11 7 12 10 6 4 1 3 
172 3 ['Eliot'] 9 12 3 11 1 10 2 4 7 5 6 8 
173 1 ['Leverett'] 9 5 1 6 11 7 10 4 2 8 3 12 
174 5 ['Leverett'] 9 8 11 12 6 1 5 3 2 7 4 10 
175 3 ['Pfoho'] 5 2 4 10 6 11 9 7 8 1 12 3 
176 1 ['Mather'] 7 11 9 5 3 4 10 1 12 6 8 2 
177 2 ['Winthrop'] 1 7 10 11 4 6 8 9 12 5 2 3 
178 8 ['Quincy'] 2 11 7 12 1 8 4 9 10 3 5 6 
179 7 ['Mather'] 4 3 5 2 1 11 10 12 6 8 7 9 
180 1 ['Adams'] 5 6 11 7 3 9 12 8 2 10 4 1 
181 2 ['Quincy'] 11 12 7 9 8 2 10 5 3 6 1 4 
182 8 ['Adams'] 12 11 6 7 5 4 3 1 9 8 10 2 
183 5 ['Cabot'] 2 12 11 10 3 5 9 6 4 1 7 8 
184 1 ['Adams'] 8 6 5 1 11 9 3 2 10 4 7 12 
185 3 ['Cabot'] 2 6 4 1 10 9 12 7 3 5 8 11 
186 3 ['Dunster'] 12 3 9 5 7 2 1 8 10 6 4 11 
187 3 ['Eliot'] 2 4 11 6 10 3 12 9 8 1 5 7 
188 8 ['Lowell'] 11 4 1 5 3 6 7 9 2 8 10 12 
189 8 ['Pfoho'] 9 3 12 8 6 11 5 1 4 2 10 7 
190 8 ['Lowell'] 4 5 8 6 12 3 9 10 11 2 7 1 
191 7 ['Pfoho'] 5 3 1 4 2 7 11 12 6 10 9 8 
192 6 ['Eliot'] 6 5 12 4 9 11 7 8 3 10 1 2 
193 8 ['Adams'] 9 5 12 8 6 11 7 2 10 3 1 4 
194 6 ['Quincy'] 11 1 9 6 2 10 3 5 12 7 4 8 
195 7 ['Eliot'] 2 6 1 8 7 11 12 10 3 9 5 4 
196 4 ['Adams'] 4 8 5 1 6 10 12 3 9 2 7 11 
197 8 ['Winthrop'] 1 8 6 11 5 9 2 10 7 3 4 12 
198 3 ['Pfoho'] 9 11 2 4 1 6 7 12 8 3 5 10 
199 7 ['Dunster'] 11 3 1 8 9 5 7 2 12 4 10 6 
200 3 ['Lowell'] 8 11 4 2 6 5 9 10 3 1 12 7 
201 7 ['Leverett'] 7 1 2 5 10 4 11 6 9 8 12 3 
202 2 ['Currier'] 9 1 6 8 3 11 12 7 5 4 2 10 
203 6 ['Leverett'] 7 2 8 11 3 6 1 5 4 10 12 9 
204 7 ['Lowell'] 8 4 3 7 1 10 5 6 12 11 2 9 
205 1 ['Adams'] 10 9 7 12 2 5 11 4 1 6 3 8 
206 6 ['Lowell'] 9 10 1 4 12 6 2 8 11 5 7 3 
207 2 ['Kirkland'] 6 11 3 1 7 12 8 4 9 2 10 5 
208 4 ['Adams'] 6 10 8 4 7 3 1 5 2 12 9 11 
209 1 ['Lowell'] 10 5 1 11 3 6 4 2 8 7 12 9 
210 8 ['Cabot'] 8 12 6 10 5 7 4 1 3 11 2 9 
211 8 ['Adams'] 6 4 12 8 11 9 5 3 10 2 7 1 
212 4 ['Currier'] 4 8 12 7 11 9 2 3 5 10 1 6 
213 1 ['Winthrop'] 10 1 2 7 4 3 5 9 8 11 12 6 
214 5 ['Kirkland'] 2 8 4 7 5 11 9 10 1 12 6 3 
215 5 ['Adams'] 6 1 4 7 11 8 3 5 2 10 12 9 
216 1 ['Pfoho'] 7 5 2 10 9 4 6 11 8 12 3 1 
217 4 ['Quincy'] 11 3 6 5 9 8 2 10 12 4 1 7 
218 4 ['Cabot'] 11 1 6 7 12 9 8 4 5 2 10 3 
219 3 ['Mather'] 12 8 2 6 9 3 1 4 11 10 7 5 
220 1 ['Leverett'] 10 5 9 12 11 1 3 6 7 2 8 4 
221 4 ['Leverett'] 12 9 3 8 4 2 5 6 1 10 11 7 
222 4 ['Eliot'] 8 3 2 12 7 11 6 1 5 10 4 9 
223 4 ['Mather'] 10 11 4 3 8 1 12 9 2 7 6 5 
224 1 ['Leverett'] 9 11 6 8 10 2 5 12 7 3 4 1 
225 7 ['Mather'] 2 4 1 11 8 12 6 9 3 7 5 10 
226 1 ['Kirkland'] 12 2 7 8 4 6 9 11 3 5 1 10 
227 7 ['Mather'] 7 1 9 2 4 11 6 12 3 8 5 10 
228 3 ['Winthrop'] 2 11 7 1 6 9 3 10 12 5 4 8 
229 2 ['Winthrop'] 12 4 11 3 5 6 1 2 8 7 10 9 
230 7 ['Lowell'] 5 7 4 1 3 2 8 6 11 9 12 10 
231 4 ['Pfoho'] 4 11 6 7 12 2 5 9 10 3 8 1 
232 8 ['Eliot'] 10 7 5 2 8 1 12 11 6 9 4 3 
233 7 ['Pfoho'] 7 10 12 9 2 8 5 4 3 11 1 6 
234 2 ['Cabot'] 10 12 3 2 8 1 11 4 6 9 7 5 
235 7 ['Adams'] 2 1 8 4 5 6 9 7 3 12 11 10 
236 3 ['Leverett'] 6 7 1 5 4 8 11 12 3 9 2 10 
237 3 ['Cabot'] 8 2 1 6 5 3 9 7 4 12 11 10 
238 3 ['Adams'] 10 3 11 1 5 8 2 12 6 9 4 7 
239 3 ['Eliot'] 6 2 1 4 5 9 11 12 7 3 8 10 
240 7 ['Winthrop'] 12 3 4 8 9 5 11 7 10 6 2 1 
241 4 ['Dunster'] 12 11 10 4 9 6 3 7 1 8 2 5 
242 3 ['Lowell'] 2 6 4 7 11 1 5 10 9 8 3 12 
243 6 ['Cabot'] 7 4 1 9 3 10 8 6 5 12 2 11 
244 7 ['Quincy'] 12 7 3 8 6 11 10 2 1 5 4 9 
245 5 ['Pfoho'] 1 9 3 12 7 10 8 5 6 2 4 11 
246 2 ['Quincy'] 12 11 7 3 5 10 4 2 9 1 6 8 
247 7 ['Pfoho'] 12 7 9 8 4 5 6 10 1 11 2 3 
248 2 ['Mather'] 8 7 5 12 2 6 3 11 9 10 1 4 
249 5 ['Winthrop'] 4 2 8 10 12 1 7 9 5 3 11 6 
250 5 ['Kirkland'] 12 11 6 4 8 10 1 3 7 9 2 5 
251 3 ['Pfoho'] 12 3 9 6 7 10 4 1 11 2 8 5 
252 1 ['Mather'] 1 6 11 7 10 8 3 4 9 5 12 2 
253 4 ['Leverett'] 2 11 9 3 7 8 10 5 6 4 1 12 
254 3 ['Currier'] 4 8 7 5 11 12 6 3 1 2 10 9 
255 3 ['Dunster'] 4 6 10 5 11 2 1 8 3 7 9 12 
256 4 ['Quincy'] 10 7 6 12 9 2 5 3 8 1 11 4 
257 2 ['Winthrop'] 2 4 6 3 8 10 1 12 9 5 7 11 
258 4 ['Winthrop'] 8 9 4 2 10 6 11 12 1 5 3 7 
259 2 ['Eliot'] 9 2 10 6 5 12 1 8 3 11 7 4 
260 2 ['Quincy'] 6 11 3 2 12 1 5 4 7 10 9 8 
261 6 ['Kirkland'] 1 9 3 12 6 8 10 11 5 4 7 2 
262 7 ['Dunster'] 11 2 8 4 5 7 9 12 6 10 1 3 
263 6 ['Eliot'] 3 11 10 12 1 9 4 6 2 8 5 7 
264 4 ['Dunster'] 5 2 1 3 9 7 8 6 10 4 12 11 
265 7 ['Currier'] 3 10 7 11 9 12 2 8 4 1 6 5 
266 7 ['Adams'] 4 7 12 2 6 3 5 10 9 1 8 11 
267 6 ['Lowell'] 10 12 7 11 3 4 9 5 8 1 2 6 
268 7 ['Kirkland'] 10 1 7 3 9 11 12 4 5 8 2 6 
269 8 ['Quincy'] 10 1 4 12 7 9 3 6 2 5 11 8 
270 7 ['Kirkland'] 6 7 8 1 4 5 12 3 2 10 9 11 
271 8 ['Pfoho'] 11 10 12 7 3 6 1 4 8 5 2 9 
272 3 ['Pfoho'] 9 3 2 12 7 5 10 4 1 11 6 8 
273 5 ['Adams'] 1 3 8 5 4 10 9 11 7 6 2 12 
274 1 ['Eliot'] 1 4 7 5 3 2 12 11 8 9 6 10 
275 2 ['Kirkland'] 12 11 7 5 2 9 10 4 1 8 6 3 
276 3 ['Pfoho'] 11 4 2 1 5 7 3 10 12 9 8 6 
277 4 ['Eliot'] 2 8 9 3 6 4 11 5 12 10 7 1 
278 6 ['Cabot'] 10 11 6 8 2 3 9 1 7 12 4 5 
279 2 ['Currier'] 12 1 8 7 3 6 9 4 2 11 5 10 
280 5 ['Lowell'] 2 3 4 1 9 8 11 5 12 7 10 6 
281 3 ['Adams'] 6 5 1 2 4 3 9 11 10 7 8 12 
282 2 ['Winthrop'] 12 1 11 7 9 3 5 8 2 6 4 10 
283 4 ['Dunster'] 6 11 2 8 10 4 7 1 5 3 12 9 
284 1 ['Currier'] 11 2 3 4 9 1 10 7 5 8 6 12 
285 6 ['Mather'] 6 8 11 3 10 2 5 7 4 9 12 1 
286 6 ['Lowell'] 1 5 7 6 11 3 10 2 12 4 8 9 
287 3 ['Kirkland'] 8 6 7 2 12 9 10 5 3 1 4 11 
288 1 ['Mather'] 3 2 11 4 5 1 12 7 8 6 9 10 
289 5 ['Quincy'] 7 4 8 1 10 12 6 11 3 2 5 9 
290 7 ['Eliot'] 9 2 1 12 11 3 10 6 4 7 5 8 
291 8 ['Currier'] 3 12 4 5 7 10 11 8 9 1 2 6 
292 8 ['Lowell'] 6 11 2 10 1 4 8 3 9 12 5 7 
293 7 ['Adams'] 2 9 3 8 1 5 12 10 11 6 4 7 
294 6 ['Cabot'] 12 2 8 9 6 3 10 11 1 4 5 7 
295 7 ['Winthrop'] 10 12 2 3 4 8 6 9 7 5 1 11 
296 5 ['Pfoho'] 6 1 9 12 11 10 5 3 8 2 7 4 
297 6 ['Mather'] 10 5 2 6 12 4 11 8 7 9 3 1 
298 5 ['Eliot'] 9 8 5 10 11 4 7 3 12 6 2 1 
299 2 ['Kirkland'] 6 5 1 11 2 8 3 12 10 9 4 7 
300 6 ['Lowell'] 3 9 5 7 6 11 4 10 2 8 12 1 
301 4 ['Leverett'] 9 5 12 10 2 8 11 4 1 7 3 6 
302 4 ['Kirkland'] 10 1 5 7 2 3 8 12 4 11 6 9 
303 5 ['Pfoho'] 11 7 5 8 4 9 12 1 10 6 3 2 
304 3 ['Quincy'] 9 6 1 2 11 4 3 12 10 7 8 5 
305 3 ['Leverett'] 5 11 9 7 2 4 6 1 8 3 12 10 
306 1 ['Adams'] 7 11 12 4 2 5 3 9 6 1 8 10 
307 8 ['Dunster'] 9 2 8 4 5 3 6 7 1 12 10 11 
308 6 ['Cabot'] 8 10 3 9 6 5 1 2 11 4 7 12 
309 4 ['Winthrop'] 2 1 5 10 3 11 8 6 12 7 9 4 
310 5 ['Pfoho'] 5 11 10 8 2 7 12 6 9 3 4 1 
311 8 ['Adams'] 11 8 12 9 2 3 1 10 5 4 7 6 
312 6 ['Pfoho'] 2 10 12 9 3 7 6 5 4 1 11 8 
313 5 ['Mather'] 12 4 6 7 10 2 3 9 8 1 11 5 
314 8 ['Cabot'] 8 3 4 1 11 5 6 2 10 12 7 9 
315 5 ['Pfoho'] 1 9 10 2 4 12 8 3 6 5 11 7 
316 6 ['Kirkland'] 6 5 4 12 7 3 10 8 9 11 1 2 
317 4 ['Winthrop'] 4 10 7 8 9 6 2 5 1 12 11 3 
318 7 ['Leverett'] 10 6 4 7 11 8 1 3 12 2 9 5 
319 1 ['Cabot'] 4 1 2 12 6 7 10 3 11 8 9 5 
320 5 ['Mather'] 11 1 3 9 2 7 4 12 5 10 8 6 
321 4 ['Dunster'] 6 3 8 5 12 1 11 10 2 7 9 4 
322 1 ['Adams'] 5 3 6 10 2 4 7 12 11 8 9 1 
323 8 ['Winthrop'] 1 7 10 2 11 9 8 12 3 5 6 4 
324 7 ['Quincy'] 7 4 8 9 12 3 10 11 6 5 1 2 
325 5 ['Mather'] 7 4 6 5 1 10 2 9 12 8 3 11 
326 5 ['Quincy'] 2 1 12 7 9 3 5 10 6 4 8 11 
327 1 ['Lowell'] 12 5 4 7 6 11 9 8 10 2 3 1 
328 7 ['Lowell'] 3 5 1 7 10 8 12 11 2 6 9 4 
329 1 ['Dunster'] 6 2 3 5 11 12 4 9 10 1 8 7 
330 1 ['Mather'] 7 5 9 1 10 12 3 4 2 8 6 11 
331 5 ['Currier'] 12 6 8 7 1 9 5 2 10 11 4 3 
332 1 ['Eliot'] 3 7 1 6 10 11 9 5 8 4 2 12 
333 8 ['Leverett'] 7 12 8 10 2 9 3 11 6 5 4 1 
334 8 ['Currier'] 6 4 12 3 10 5 1 11 7 9 8 2 
335 7 ['Mather'] 11 1 2 10 3 5 9 12 8 4 7 6 
336 2 ['Kirkland'] 10 2 8 11 4 6 1 5 3 7 12 9 
337 3 ['Cabot'] 8 5 4 6 3 2 11 1 9 10 12 7 
338 1 ['Currier'] 4 10 9 7 12 2 3 1 6 5 8 11 
339 4 ['Winthrop'] 6 9 3 11 10 4 7 5 12 8 1 2 
340 2 ['Currier'] 2 3 12 5 8 10 9 4 1 7 11 6 
341 7 ['Eliot'] 5 11 7 10 8 3 9 1 12 4 6 2 
342 5 ['Kirkland'] 5 9 3 6 1 7 11 2 12 8 4 10 
343 2 ['Eliot'] 1 3 7 9 5 10 2 4 8 6 11 12 
344 4 ['Currier'] 11 5 4 6 1 7 3 9 12 2 10 8 
345 3 ['Pfoho'] 10 11 2 9 3 7 1 5 6 12 4 8 
346 6 ['Pfoho'] 11 8 5 12 2 7 4 6 9 3 10 1 
347 3 ['Quincy'] 9 8 7 12 11 3 2 4 10 6 1 5 
348 3 ['Dunster'] 7 11 6 3 2 1 9 8 12 10 4 5 
349 3 ['Eliot'] 7 9 3 2 8 12 1 5 11 4 6 10 
350 1 ['Leverett'] 8 12 6 9 5 2 1 3 4 7 11 10 
351 3 ['Pfoho'] 6 1 8 11 5 10 2 3 4 7 9 12 
352 8 ['Dunster'] 11 4 1 2 8 3 12 9 6 10 5 7 
353 1 ['Winthrop'] 8 12 1 2 4 5 9 3 6 7 10 11 
354 4 ['Quincy'] 6 8 12 7 1 9 11 3 4 2 5 10 
355 5 ['Winthrop'] 6 8 1 9 3 2 5 11 10 7 4 12 
356 4 ['Lowell'] 6 2 10 3 8 4 1 7 12 5 9 11 
357 5 ['Cabot'] 5 4 6 7 9 10 2 3 12 11 1 8 
358 3 ['Winthrop'] 1 10 8 3 7 9 6 12 5 11 4 2 
359 8 ['Dunster'] 6 10 4 12 9 11 7 5 8 2 3 1 
360 6 ['Lowell'] 3 2 12 5 9 11 8 6 1 7 4 10 
361 8 ['Quincy'] 5 9 7 1 6 10 4 2 8 12 3 11 
362 5 ['Leverett'] 12 4 8 1 11 5 3 7 9 6 10 2 
363 2 ['Winthrop'] 11 9 6 12 8 10 3 1 5 2 7 4 
364 6 ['Mather'] 6 1 4 3 10 7 5 8 2 12 9 11 
365 4 ['Cabot'] 9 6 1 10 4 7 2 11 5 3 12 8 
366 8 ['Leverett'] 2 5 1 10 11 8 3 6 4 9 7 12 
367 8 ['Currier'] 7 8 10 11 2 4 6 12 9 1 5 3 
368 8 ['Cabot'] 9 3 10 6 8 2 4 12 5 7 1 11 
369 1 ['Eliot'] 5 7 10 11 2 4 9 1 12 6 3 8 
370 6 ['Pfoho'] 8 11 6 4 10 1 5 12 3 2 7 9 
371 6 ['Quincy'] 5 12 10 11 6 2 3 9 7 4 8 1 
372 7 ['Winthrop'] 12 1 5 6 11 3 8 7 2 4 10 9 
373 4 ['Lowell'] 1 10 12 6 4 7 5 3 11 9 2 8 
374 7 ['Leverett'] 3 11 8 10 7 2 9 5 12 1 6 4 
375 8 ['Cabot'] 3 8 4 10 1 9 6 5 7 2 11 12 
376 8 ['Kirkland'] 5 7 3 1 9 2 10 11 8 12 6 4 
377 4 ['Mather'] 3 7 9 8 11 10 12 5 4 6 1 2 
378 2 ['Lowell'] 5 9 10 8 12 3 6 7 4 11 2 1 
379 1 ['Currier'] 8 3 1 11 10 7 4 6 2 9 12 5 
380 2 ['Kirkland'] 12 9 5 2 8 4 11 10 1 6 7 3 
381 7 ['Currier'] 11 5 6 12 7 2 1 4 9 10 8 3 
382 6 ['Currier'] 6 1 11 8 9 10 12 5 2 3 4 7 
383 6 ['Eliot'] 1 3 8 9 11 10 12 2 6 5 7 4 
384 3 ['Leverett'] 3 10 1 7 2 11 12 4 9 8 6 5 
385 5 ['Currier'] 7 3 1 2 12 9 4 5 8 11 6 10 
386 2 ['Eliot'] 12 6 4 2 9 7 8 1 5 11 10 3 
387 2 ['Lowell'] 9 11 8 4 1 2 10 5 7 12 3 6 
388 2 ['Adams'] 11 7 12 10 6 4 8 9 5 3 1 2 
389 2 ['Currier'] 9 8 7 12 11 1 6 5 3 4 2 10 
390 6 ['Kirkland'] 9 3 7 1 10 12 2 5 8 4 6 11 
391 1 ['Leverett'] 8 2 3 1 7 9 12 5 4 10 11 6 
392 2 ['Mather'] 2 3 7 5 8 1 6 4 10 11 9 12 
393 5 ['Kirkland'] 5 11 1 7 6 4 10 2 8 12 9 3 
394 3 ['Kirkland'] 1 10 4 3 5 11 8 9 7 12 6 2 
395 5 ['Leverett'] 5 12 2 3 11 7 1 10 6 9 8 4 
396 1 ['Eliot'] 12 4 10 8 3 2 6 5 1 11 7 9 
397 3 ['Currier'] 11 8 2 9 3 4 10 6 7 1 5 12 
398 7 ['Quincy'] 9 12 5 10 6 3 11 4 2 7 8 1 
399 5 ['Lowell'] 6 2 12 10 3 11 5 4 7 8 1 9 
