0 5 Lowell 3 1 2 12 10 4 9 6 7 11 8 5 
1 4 Kirkland 9 1 2 5 3 12 7 6 10 4 11 8 
2 3 Mather 4 12 10 6 5 3 11 8 1 9 7 2 
3 7 Leverett 5 8 6 2 12 3 10 7 11 9 1 4 
4 5 Mather 6 12 3 10 4 9 7 8 5 11 2 1 
5 7 Currier 2 8 7 12 5 10 3 4 6 11 1 9 
6 3 Cabot 6 7 10 1 2 9 3 5 11 4 12 8 
7 7 Pfoho 5 1 7 12 2 3 9 11 6 4 8 10 
8 5 Pfoho 2 4 9 7 3 10 11 12 5 8 1 6 
9 2 Leverett 2 11 3 5 10 8 7 12 6 9 4 1 
10 1 Adams 8 6 7 12 1 5 4 9 10 3 2 11 
11 7 Mather 6 7 3 10 2 8 12 5 4 11 1 9 
12 7 Quincy 5 4 12 11 7 8 6 3 10 2 9 1 
13 6 Adams 5 4 8 9 1 7 12 6 2 3 10 11 
14 4 Eliot 9 2 4 1 8 11 10 3 7 5 12 6 
15 2 Leverett 6 10 1 11 9 12 2 5 3 8 7 4 
16 8 Kirkland 11 2 4 7 6 9 8 3 12 5 10 1 
17 1 Adams 10 3 6 7 4 8 1 12 5 9 11 2 
18 5 Cabot 10 11 6 7 9 1 5 4 3 8 12 2 
19 8 Quincy 7 4 9 12 2 11 5 6 3 10 1 8 
20 2 Adams 7 9 12 1 8 5 2 11 6 10 3 4 
21 5 Cabot 11 12 8 9 1 3 7 4 10 2 5 6 
22 1 Pfoho 10 4 11 3 5 2 8 7 9 6 12 1 
23 3 Eliot 1 2 4 5 7 6 8 10 3 11 9 12 
24 7 Mather 12 5 2 1 4 8 3 9 6 7 10 11 
25 1 Eliot 9 5 8 4 3 12 2 1 11 6 10 7 
26 7 Leverett 6 9 7 2 12 1 10 4 11 5 3 8 
27 1 Leverett 10 8 11 12 9 5 4 2 1 6 7 3 
28 6 Lowell 2 8 11 9 4 7 6 12 5 1 3 10 
29 5 Lowell 9 7 12 2 4 3 1 8 5 11 10 6 
30 5 Leverett 10 1 9 3 6 2 12 4 11 5 8 7 
31 3 Leverett 4 2 3 9 6 1 11 7 10 5 8 12 
32 4 Eliot 9 10 1 11 3 7 2 8 5 4 6 12 
33 7 Currier 7 11 1 12 6 8 4 3 10 9 2 5 
34 5 Winthrop 10 9 5 7 8 6 12 4 2 1 11 3 
35 2 Eliot 3 5 6 8 12 2 1 10 4 11 9 7 
36 5 Kirkland 10 6 2 5 1 4 9 8 12 3 11 7 
37 1 Leverett 5 2 8 10 6 3 1 12 7 11 9 4 
38 2 Lowell 2 8 3 5 6 7 10 9 4 11 1 12 
39 1 Lowell 8 5 9 10 1 6 4 7 3 12 11 2 
40 4 Leverett 4 5 6 9 2 10 3 7 11 1 8 12 
41 7 Currier 5 10 12 7 6 8 1 9 3 4 2 11 
42 1 Winthrop 5 3 2 7 9 8 10 1 11 4 12 6 
43 6 Adams 9 2 11 3 4 5 8 1 12 6 7 10 
44 7 Quincy 9 11 10 5 12 6 3 1 8 7 4 2 
45 1 Lowell 6 10 11 4 8 5 2 12 7 3 9 1 
46 1 Lowell 10 9 4 11 5 8 3 7 6 12 2 1 
47 6 Leverett 6 1 11 2 10 4 12 3 5 7 9 8 
48 6 Lowell 3 12 8 6 11 9 5 1 2 4 10 7 
49 7 Kirkland 6 8 11 9 12 4 2 5 7 1 3 10 
50 1 Eliot 11 5 8 7 6 4 3 9 2 10 12 1 
51 4 Lowell 12 10 11 2 1 6 5 7 9 3 4 8 
52 3 Kirkland 4 6 11 10 1 8 3 2 5 7 9 12 
53 6 Eliot 3 4 12 10 11 5 2 7 8 1 9 6 
54 1 Mather 9 5 1 11 3 8 7 10 4 2 12 6 
55 7 Dunster 10 12 11 5 9 7 3 8 4 1 2 6 
56 2 Leverett 2 3 11 6 7 4 9 12 1 5 8 10 
57 8 Mather 3 6 1 12 2 5 10 9 4 11 7 8 
58 4 Dunster 3 6 12 9 2 7 5 1 8 11 4 10 
59 3 Eliot 12 8 7 2 6 11 1 10 5 9 4 3 
60 2 Winthrop 6 10 2 9 12 11 3 5 7 4 1 8 
61 1 Dunster 2 3 6 9 8 5 10 7 1 12 4 11 
62 4 Quincy 9 7 12 3 5 10 6 1 11 2 4 8 
63 7 Currier 4 5 1 10 9 7 6 12 2 3 8 11 
64 2 Kirkland 11 12 8 5 6 4 1 9 3 7 2 10 
65 2 Quincy 3 5 1 8 2 12 11 4 7 9 6 10 
66 7 Currier 4 7 10 5 9 3 1 11 12 8 2 6 
67 5 Cabot 8 6 9 12 1 4 11 7 3 10 5 2 
68 5 Quincy 12 11 5 3 7 2 8 9 10 1 6 4 
69 7 Leverett 1 5 11 6 3 12 9 4 7 8 2 10 
70 8 Pfoho 7 4 8 11 3 5 9 2 10 1 12 6 
71 6 Lowell 1 12 4 11 10 6 2 7 3 9 5 8 
72 3 Kirkland 5 12 3 11 8 4 9 10 2 7 6 1 
73 8 Pfoho 5 6 12 1 4 8 10 2 7 11 9 3 
74 3 Leverett 2 11 1 5 12 7 10 8 9 4 3 6 
75 6 Cabot 4 6 10 11 3 8 5 12 2 9 1 7 
76 4 Lowell 8 3 9 4 7 1 2 10 5 12 6 11 
77 4 Winthrop 5 8 11 9 6 10 12 2 4 7 1 3 
78 8 Mather 3 8 6 10 12 11 5 2 4 9 7 1 
79 5 Lowell 9 11 4 2 5 7 10 3 8 6 1 12 
80 1 Dunster 6 7 2 10 8 5 3 12 4 11 1 9 
81 8 Currier 3 4 12 9 2 8 5 6 7 1 11 10 
82 3 Mather 2 7 8 4 3 9 11 6 12 10 5 1 
83 7 Quincy 1 10 12 11 6 5 8 2 3 7 4 9 
84 7 Kirkland 1 2 5 11 7 9 10 4 12 6 3 8 
85 7 Leverett 1 9 7 11 5 2 8 6 4 3 12 10 
86 1 Leverett 2 4 12 3 7 10 6 11 8 9 1 5 
87 6 Leverett 2 12 8 3 4 9 7 10 11 6 1 5 
88 7 Winthrop 4 6 1 12 2 5 3 11 9 10 8 7 
89 4 Pfoho 5 9 4 6 12 2 11 10 3 7 8 1 
90 7 Adams 6 10 4 12 8 5 11 9 2 3 1 7 
91 1 Currier 1 12 2 11 9 5 8 6 10 7 3 4 
92 6 Pfoho 12 4 10 7 9 1 6 11 2 5 3 8 
93 5 Adams 5 3 7 6 10 9 8 11 4 2 12 1 
94 3 Winthrop 8 3 5 12 1 11 9 7 10 2 6 4 
95 3 Mather 10 1 11 2 5 12 7 8 3 9 4 6 
96 7 Quincy 12 11 7 9 4 8 3 2 5 1 6 10 
97 5 Leverett 9 2 7 5 6 11 3 10 8 12 1 4 
98 6 Eliot 1 3 2 8 5 9 12 6 11 4 10 7 
99 8 Quincy 12 6 1 10 4 7 11 3 5 8 2 9 
100 5 Mather 12 7 3 4 6 1 5 9 2 8 10 11 
101 6 Dunster 2 1 4 10 5 12 6 11 8 7 3 9 
102 5 Mather 4 2 10 5 3 12 11 9 8 7 6 1 
103 1 Pfoho 2 11 10 3 12 7 9 4 5 8 1 6 
104 2 Lowell 5 1 3 8 7 2 11 6 9 10 4 12 
105 8 Lowell 10 2 4 1 5 6 12 11 8 7 9 3 
106 2 Adams 3 4 7 1 6 9 2 12 8 10 5 11 
107 5 Eliot 2 12 10 1 8 3 11 6 9 5 7 4 
108 7 Mather 1 6 7 10 3 8 12 5 2 4 11 9 
109 2 Winthrop 4 7 9 5 2 6 12 3 11 1 8 10 
110 5 Leverett 3 7 5 10 12 6 11 9 4 1 8 2 
111 7 Eliot 10 11 5 2 7 8 12 1 4 6 3 9 
112 5 Pfoho 8 7 1 2 5 12 6 9 3 10 11 4 
113 1 Adams 1 10 4 8 2 11 12 6 7 5 3 9 
114 6 Eliot 3 5 8 4 1 6 11 9 7 2 10 12 
115 4 Dunster 6 8 3 12 5 10 2 11 7 4 1 9 
116 5 Lowell 11 8 1 4 2 6 9 12 10 5 3 7 
117 3 Quincy 2 7 4 12 1 5 11 6 8 9 10 3 
118 6 Cabot 7 8 10 3 5 9 12 1 6 11 2 4 
119 3 Cabot 4 5 1 7 6 2 8 3 12 11 10 9 
120 3 Cabot 2 3 12 11 6 8 9 5 4 7 10 1 
121 6 Pfoho 10 4 7 6 5 1 3 2 12 8 11 9 
122 3 Leverett 10 11 12 7 1 2 3 4 8 9 5 6 
123 1 Eliot 11 8 4 7 5 2 12 6 10 3 1 9 
124 8 Dunster 3 8 10 6 7 9 2 11 5 1 4 12 
125 6 Quincy 5 12 9 11 3 2 6 8 10 1 4 7 
126 1 Eliot 9 4 5 12 3 11 6 7 8 2 1 10 
127 3 Currier 3 2 4 5 8 7 11 10 6 9 1 12 
128 3 Eliot 3 4 12 1 8 2 6 9 11 10 7 5 
129 2 Currier 5 10 11 12 3 7 2 9 6 1 4 8 
130 5 Winthrop 12 3 5 4 10 6 8 9 7 2 1 11 
131 7 Adams 7 4 6 12 11 2 3 10 5 8 9 1 
132 4 Dunster 9 4 11 8 7 2 12 10 6 5 1 3 
133 2 Mather 4 6 10 3 7 2 12 8 9 5 11 1 
134 8 Leverett 4 1 9 8 3 12 5 2 7 10 11 6 
135 2 Mather 10 1 7 5 2 3 12 6 9 4 11 8 
136 8 Mather 3 7 12 2 6 8 5 4 1 11 10 9 
137 1 Kirkland 2 9 3 8 11 1 6 4 12 7 10 5 
138 7 Adams 3 5 2 12 9 7 4 8 10 6 1 11 
139 4 Lowell 12 7 2 11 8 4 6 1 9 10 3 5 
140 5 Currier 7 8 12 1 3 11 5 10 6 2 9 4 
141 2 Lowell 3 1 2 9 4 7 6 11 8 12 5 10 
142 7 Winthrop 8 4 11 9 12 3 2 10 7 5 1 6 
143 8 Winthrop 2 3 4 1 7 5 9 12 8 6 10 11 
144 2 Currier 1 3 7 5 10 6 8 2 11 9 12 4 
145 5 Quincy 11 9 12 10 1 5 3 4 7 2 6 8 
146 3 Pfoho 8 4 12 2 9 7 10 5 11 6 3 1 
147 2 Kirkland 2 8 10 12 9 1 5 11 4 6 3 7 
148 1 Cabot 10 7 3 1 8 2 9 12 6 11 4 5 
149 5 Leverett 9 11 3 1 6 8 7 10 5 2 12 4 
150 3 Leverett 9 10 8 5 12 11 2 1 4 6 3 7 
151 4 Dunster 2 11 7 4 6 3 9 12 5 1 10 8 
152 3 Winthrop 8 4 11 5 2 6 10 7 12 1 9 3 
153 3 Cabot 7 9 1 2 10 8 5 3 12 6 11 4 
154 1 Mather 11 2 1 4 7 5 8 12 6 3 9 10 
155 6 Dunster 12 7 4 11 3 6 5 9 8 10 2 1 
156 7 Pfoho 3 4 2 8 10 11 7 6 1 12 5 9 
157 6 Pfoho 10 11 4 7 6 5 1 3 2 12 8 9 
158 6 Eliot 4 10 11 1 9 7 2 5 6 3 12 8 
159 1 Adams 5 7 12 8 3 2 9 1 6 4 10 11 
160 8 Adams 8 10 11 9 1 6 7 4 12 3 2 5 
161 5 Winthrop 12 4 1 9 2 6 8 10 11 7 3 5 
162 1 Mather 12 9 8 6 1 5 4 7 11 2 3 10 
163 7 Currier 5 11 7 12 10 1 2 9 6 8 3 4 
164 1 Currier 1 6 3 9 2 11 7 5 12 4 8 10 
165 8 Mather 10 8 6 12 9 1 11 4 2 5 3 7 
166 7 Leverett 12 11 8 5 4 1 10 6 9 7 2 3 
167 3 Pfoho 12 5 7 2 1 6 8 4 9 11 10 3 
168 5 Pfoho 2 3 4 9 5 7 12 6 10 11 1 8 
169 4 Kirkland 4 11 8 1 9 3 7 12 6 5 2 10 
170 7 Currier 10 11 12 2 5 7 8 3 9 6 4 1 
171 2 Mather 7 8 10 5 3 4 12 6 11 9 2 1 
172 8 Quincy 4 10 2 7 9 6 12 5 1 3 11 8 
173 1 Currier 9 10 7 5 2 11 12 6 4 1 3 8 
174 8 Pfoho 2 3 8 9 6 4 12 5 10 7 11 1 
175 5 Quincy 1 8 2 9 12 4 11 3 7 6 10 5 
176 7 Eliot 6 2 7 11 1 12 10 5 4 3 9 8 
177 4 Cabot 1 8 12 11 9 7 3 6 10 2 5 4 
178 1 Currier 11 10 9 4 7 12 3 2 1 8 6 5 
179 2 Dunster 1 11 2 12 3 9 4 7 10 5 6 8 
180 4 Adams 5 8 2 11 7 12 3 10 6 4 1 9 
181 6 Winthrop 4 2 11 12 7 3 10 9 5 6 1 8 
182 3 Quincy 5 3 7 12 11 6 1 4 9 8 10 2 
183 6 Pfoho 7 9 10 6 4 12 8 3 2 5 1 11 
184 3 Cabot 12 3 6 5 8 9 7 1 10 11 2 4 
185 3 Eliot 11 1 10 7 12 3 4 5 6 8 2 9 
186 4 Dunster 11 3 1 10 6 2 5 4 8 7 12 9 
187 2 Winthrop 4 12 2 11 10 9 1 7 8 6 3 5 
188 2 Leverett 9 1 5 2 8 12 7 11 6 3 10 4 
189 8 Lowell 1 7 2 5 4 8 3 11 10 9 6 12 
190 5 Kirkland 6 4 5 10 12 8 7 2 3 11 9 1 
191 8 Adams 3 7 5 8 9 6 2 10 11 4 12 1 
192 2 Dunster 1 5 10 8 7 4 6 3 9 2 12 11 
193 5 Adams 8 2 4 7 1 10 9 11 3 6 12 5 
194 4 Pfoho 8 9 1 3 2 11 7 10 4 5 6 12 
195 6 Eliot 1 6 2 3 10 9 7 12 5 11 4 8 
196 5 Eliot 9 3 8 12 1 7 10 4 5 2 6 11 
197 3 Mather 10 7 4 6 3 1 9 2 12 11 8 5 
198 5 Lowell 5 4 7 10 2 6 1 3 11 12 8 9 
199 4 Lowell 7 2 5 12 9 6 10 3 1 11 8 4 
200 8 Winthrop 3 1 9 8 12 4 7 11 2 5 10 6 
201 1 Adams 4 10 5 3 9 7 6 2 8 11 12 1 
202 5 Leverett 3 10 6 9 1 2 11 8 7 5 4 12 
203 1 Pfoho 2 7 1 5 3 9 12 8 6 11 4 10 
204 3 Cabot 8 6 9 5 7 2 1 4 11 10 12 3 
205 8 Winthrop 9 1 2 7 8 11 3 5 12 4 6 10 
206 1 Kirkland 4 10 1 8 11 9 2 7 12 5 6 3 
207 8 Dunster 1 9 4 8 6 10 5 2 3 12 7 11 
208 8 Pfoho 12 6 8 9 4 7 10 3 5 2 11 1 
209 6 Cabot 4 10 9 5 8 12 2 6 7 3 11 1 
210 6 Winthrop 11 8 9 4 3 12 2 6 5 7 10 1 
211 6 Cabot 11 9 6 7 1 10 8 4 12 2 5 3 
212 6 Currier 11 8 5 3 7 6 4 9 1 10 12 2 
213 1 Adams 3 1 8 5 9 10 4 2 12 11 6 7 
214 6 Winthrop 11 6 4 2 9 1 5 3 10 7 8 12 
215 4 Mather 11 3 6 5 4 7 9 8 10 2 12 1 
216 7 Eliot 3 9 8 1 4 5 7 2 11 12 6 10 
217 3 Winthrop 4 1 6 3 8 10 12 5 2 7 9 11 
218 2 Dunster 9 6 5 3 4 2 10 7 8 12 1 11 
219 5 Quincy 12 1 10 8 11 5 2 7 4 6 9 3 
220 2 Eliot 10 2 4 11 1 9 7 6 12 3 5 8 
221 4 Eliot 11 4 9 12 3 2 5 7 10 6 8 1 
222 3 Dunster 7 6 9 3 8 12 5 4 10 1 2 11 
223 7 Leverett 9 5 10 11 6 4 3 2 12 8 7 1 
224 8 Cabot 6 2 12 7 10 1 4 3 8 5 9 11 
225 8 Cabot 1 10 3 5 4 9 12 2 11 8 7 6 
226 2 Lowell 12 2 8 11 4 9 6 7 1 3 5 10 
227 6 Mather 7 6 3 9 11 4 10 5 8 12 2 1 
228 4 Leverett 9 6 5 12 7 1 8 11 4 2 3 10 
229 3 Eliot 9 11 7 1 4 3 12 8 2 6 5 10 
230 5 Winthrop 12 7 4 11 10 8 5 1 2 3 9 6 
231 8 Dunster 10 12 3 7 2 11 4 6 1 5 9 8 
232 6 Mather 4 8 6 7 1 12 9 2 11 3 5 10 
233 7 Quincy 9 11 4 10 6 5 1 8 7 12 2 3 
234 8 Eliot 7 6 3 12 8 5 9 10 4 1 2 11 
235 2 Adams 3 9 12 6 8 11 2 4 1 10 5 7 
236 6 Lowell 1 12 11 4 10 8 6 2 5 3 7 9 
237 2 Quincy 2 12 8 4 9 7 5 6 10 3 11 1 
238 6 Quincy 3 4 1 10 6 5 2 9 11 12 7 8 
239 2 Lowell 12 11 5 10 2 1 3 9 6 8 7 4 
240 2 Winthrop 2 1 10 5 9 8 4 6 3 11 12 7 
241 2 Eliot 11 1 9 2 6 4 10 5 12 8 7 3 
242 8 Lowell 6 10 3 2 4 5 1 11 9 7 8 12 
243 3 Dunster 5 8 12 10 7 3 1 11 2 9 6 4 
244 7 Dunster 6 4 11 12 10 2 3 8 9 1 7 5 
245 3 Cabot 9 5 7 10 4 12 8 1 11 2 3 6 
246 8 Currier 10 11 6 3 1 12 8 5 2 9 4 7 
247 2 Adams 3 2 9 12 11 10 4 5 7 8 6 1 
248 6 Mather 12 4 5 11 9 3 7 1 2 6 10 8 
249 4 Currier 8 1 4 7 9 3 10 11 12 2 5 6 
250 2 Mather 7 12 9 3 4 11 6 10 5 2 8 1 
251 3 Quincy 11 7 10 1 4 2 9 8 6 5 3 12 
252 1 Winthrop 10 6 3 9 2 8 4 1 11 5 7 12 
253 2 Eliot 4 10 3 7 9 8 2 11 6 12 1 5 
254 5 Mather 12 4 9 11 8 1 10 7 3 5 6 2 
255 3 Pfoho 7 10 8 11 6 9 3 12 2 4 5 1 
256 1 Adams 1 12 11 6 3 4 9 7 10 2 8 5 
257 5 Cabot 4 1 3 7 12 5 6 2 9 10 8 11 
258 6 Pfoho 5 12 3 2 11 4 8 10 7 9 6 1 
259 5 Cabot 5 1 2 4 3 10 7 11 8 9 6 12 
260 2 Eliot 4 10 5 8 9 2 12 6 1 7 3 11 
261 7 Dunster 12 10 7 3 1 2 5 11 9 4 6 8 
262 6 Pfoho 10 6 5 4 3 11 7 2 8 12 9 1 
263 7 Leverett 8 9 11 7 5 3 1 10 12 2 6 4 
264 8 Leverett 1 3 7 9 6 8 12 10 11 2 4 5 
265 6 Adams 1 4 8 12 3 5 11 9 10 2 7 6 
266 1 Quincy 7 1 12 4 8 11 6 9 5 2 3 10 
267 7 Adams 2 8 3 6 1 5 12 10 4 11 7 9 
268 3 Adams 7 12 6 8 3 10 9 4 11 5 1 2 
269 7 Lowell 8 5 2 3 12 9 7 10 11 6 4 1 
270 7 Dunster 2 12 6 5 10 9 8 11 7 3 1 4 
271 6 Dunster 9 1 4 10 2 8 3 12 6 11 5 7 
272 4 Dunster 3 2 9 6 4 10 1 5 7 12 11 8 
273 5 Winthrop 7 4 6 10 5 2 3 1 11 8 12 9 
274 7 Dunster 6 3 4 2 9 8 1 10 5 7 12 11 
275 3 Cabot 12 4 5 2 3 7 8 10 11 1 9 6 
276 2 Dunster 5 1 9 4 6 3 11 8 2 12 10 7 
277 5 Kirkland 11 12 4 8 9 7 10 2 6 5 1 3 
278 8 Winthrop 1 7 10 3 9 12 2 11 8 6 5 4 
279 6 Mather 10 9 4 2 3 6 11 7 5 12 1 8 
280 3 Eliot 3 5 11 10 1 8 12 7 4 9 6 2 
281 7 Dunster 4 11 12 10 3 5 8 7 1 9 6 2 
282 6 Dunster 9 10 1 8 7 11 5 6 4 12 2 3 
283 6 Kirkland 7 12 9 5 2 11 10 6 4 3 8 1 
284 2 Dunster 6 11 10 8 9 1 3 7 12 4 5 2 
285 5 Currier 2 5 8 1 9 11 10 12 7 3 4 6 
286 4 Leverett 5 2 7 8 3 1 12 6 11 9 10 4 
287 8 Cabot 7 3 10 1 5 2 11 12 4 8 6 9 
288 8 Lowell 9 1 6 7 5 10 3 12 11 4 2 8 
289 7 Lowell 1 3 9 11 7 12 8 2 4 6 5 10 
290 6 Adams 9 8 3 4 10 1 12 2 6 5 11 7 
291 7 Quincy 10 3 2 8 7 4 11 5 6 12 9 1 
292 8 Quincy 11 7 4 5 10 2 9 1 8 12 6 3 
293 5 Eliot 7 12 4 5 8 11 6 3 10 9 2 1 
294 8 Currier 5 10 1 11 9 2 8 6 4 12 3 7 
295 2 Quincy 1 2 6 3 5 8 7 11 12 4 10 9 
296 4 Eliot 6 3 7 2 11 12 8 4 9 1 5 10 
297 2 Leverett 9 6 11 2 4 5 3 1 8 12 7 10 
298 1 Kirkland 5 7 1 6 9 4 10 12 3 2 8 11 
299 2 Pfoho 1 3 4 11 2 12 5 10 6 8 9 7 
300 3 Mather 11 6 9 7 1 10 3 8 5 12 4 2 
301 4 Leverett 7 3 5 8 11 4 9 12 10 6 2 1 
302 8 Currier 1 7 11 5 9 3 4 8 6 2 10 12 
303 6 Adams 9 4 10 2 1 7 11 5 8 6 12 3 
304 3 Currier 4 11 3 10 12 5 2 8 9 1 7 6 
305 3 Lowell 8 7 9 2 4 12 10 6 5 11 3 1 
306 4 Leverett 7 8 9 2 5 4 10 11 3 1 6 12 
307 6 Mather 8 10 7 9 12 1 4 3 11 2 5 6 
308 5 Adams 3 8 7 6 11 10 2 4 12 1 5 9 
309 2 Quincy 2 6 12 3 8 1 9 11 4 10 5 7 
310 1 Mather 7 4 8 9 10 11 5 1 3 2 6 12 
311 7 Currier 10 12 8 11 6 2 9 7 1 5 3 4 
312 1 Mather 6 3 8 5 10 11 9 1 4 2 7 12 
313 6 Dunster 11 4 12 6 3 1 5 8 10 7 2 9 
314 5 Eliot 6 11 9 5 3 10 1 2 8 4 7 12 
315 7 Kirkland 1 6 12 10 11 5 7 3 8 9 2 4 
316 8 Kirkland 2 3 7 12 5 11 8 10 6 9 4 1 
317 1 Eliot 1 7 11 5 8 9 12 3 10 4 2 6 
318 5 Currier 12 2 4 5 11 10 7 9 6 1 3 8 
319 8 Pfoho 1 8 12 5 4 6 9 3 10 2 7 11 
320 4 Adams 10 2 5 1 9 4 12 7 6 8 3 11 
321 1 Currier 2 9 5 6 3 1 10 7 12 4 8 11 
322 5 Leverett 6 10 7 4 2 9 11 1 12 5 3 8 
323 5 Eliot 12 6 10 7 9 11 8 3 4 2 1 5 
324 8 Lowell 5 7 8 10 9 1 11 3 2 12 4 6 
325 5 Quincy 5 4 1 12 10 8 6 3 9 11 2 7 
326 5 Quincy 7 2 10 4 12 1 3 9 5 8 6 11 
327 1 Adams 10 11 1 9 6 8 12 2 5 3 4 7 
328 4 Cabot 10 8 12 2 4 1 11 7 9 6 3 5 
329 2 Adams 4 6 11 2 7 9 10 8 3 12 1 5 
330 1 Currier 12 8 7 4 6 1 9 2 3 5 10 11 
331 4 Pfoho 1 12 11 5 7 10 2 9 8 3 6 4 
332 5 Leverett 4 12 9 11 6 3 10 2 8 7 5 1 
333 8 Eliot 12 9 6 5 7 1 4 2 3 10 8 11 
334 8 Leverett 6 3 7 12 2 9 8 1 10 5 4 11 
335 7 Adams 10 9 4 7 11 1 2 8 6 12 5 3 
336 4 Leverett 3 8 1 5 6 9 11 7 12 2 10 4 
337 3 Pfoho 8 5 9 6 4 11 3 1 10 12 2 7 
338 6 Eliot 7 10 9 11 6 2 8 1 3 5 4 12 
339 6 Quincy 4 8 9 7 11 3 12 10 6 1 5 2 
340 2 Winthrop 2 8 3 4 1 6 12 7 10 9 11 5 
341 8 Lowell 3 6 9 12 8 10 11 7 5 1 2 4 
342 6 Pfoho 8 10 3 12 9 6 1 7 11 5 2 4 
343 5 Lowell 3 4 6 8 10 7 9 2 1 12 5 11 
344 1 Eliot 7 8 9 12 2 10 11 4 1 5 6 3 
345 6 Quincy 8 5 3 4 7 6 12 2 1 9 11 10 
346 7 Pfoho 5 7 2 10 12 4 9 3 11 8 6 1 
347 7 Cabot 12 3 6 8 4 2 5 7 10 1 9 11 
348 6 Lowell 7 11 6 2 1 8 4 9 5 12 10 3 
349 7 Lowell 11 2 7 8 4 3 6 12 9 5 1 10 
350 6 Adams 1 10 9 12 4 11 5 8 6 2 3 7 
351 3 Mather 12 4 10 7 3 1 2 11 6 9 5 8 
352 1 Currier 12 8 5 3 9 6 11 4 1 10 2 7 
353 1 Pfoho 6 9 5 12 7 10 3 8 11 2 4 1 
354 1 Lowell 3 6 8 2 12 9 4 1 5 7 11 10 
355 6 Currier 2 4 7 3 10 11 1 6 5 8 9 12 
356 1 Winthrop 5 9 4 7 11 12 1 3 10 2 6 8 
357 5 Kirkland 11 8 7 10 9 5 6 3 4 1 2 12 
358 3 Leverett 10 9 5 11 1 3 8 12 7 4 6 2 
359 4 Quincy 10 11 6 1 3 8 4 2 9 7 12 5 
360 5 Kirkland 6 12 3 5 9 11 1 8 2 10 4 7 
361 3 Dunster 11 12 3 8 1 5 7 10 4 2 6 9 
362 6 Quincy 10 7 8 5 3 9 4 6 12 1 11 2 
363 2 Adams 3 4 7 12 11 9 10 5 8 1 2 6 
364 1 Currier 8 9 6 10 5 2 7 4 1 12 3 11 
365 3 Quincy 10 4 7 9 2 1 8 12 11 6 3 5 
366 4 Mather 2 12 10 7 11 9 8 3 5 4 1 6 
367 1 Quincy 2 3 11 8 6 5 7 10 12 9 1 4 
368 8 Cabot 3 12 11 2 8 10 1 5 7 4 9 6 
369 3 Winthrop 2 3 4 11 12 10 7 1 5 9 8 6 
370 4 Dunster 5 7 3 6 11 9 8 1 10 4 12 2 
371 7 Dunster 10 8 1 9 7 5 4 2 6 3 12 11 
372 2 Leverett 5 10 7 1 2 8 11 3 4 6 12 9 
373 8 Quincy 7 10 12 8 11 6 2 4 9 1 5 3 
374 5 Lowell 6 1 2 11 9 3 4 8 5 10 12 7 
375 1 Adams 7 12 10 1 11 2 9 5 4 8 3 6 
376 5 Eliot 6 8 5 3 11 4 7 1 9 2 12 10 
377 7 Eliot 3 4 11 8 10 6 12 5 7 1 2 9 
378 1 Pfoho 12 1 4 11 6 8 10 7 2 9 3 5 
379 8 Cabot 11 7 3 12 2 8 4 10 1 9 5 6 
380 3 Adams 4 7 6 8 9 1 10 5 2 12 11 3 
381 5 Pfoho 2 3 12 6 7 9 5 8 11 10 4 1 
382 7 Lowell 9 1 8 4 2 5 7 11 10 6 3 12 
383 4 Quincy 10 6 1 5 8 2 9 12 7 3 4 11 
384 3 Leverett 4 5 3 10 1 6 9 8 7 2 11 12 
385 7 Mather 4 7 9 10 3 6 11 12 8 2 5 1 
386 5 Winthrop 2 12 8 9 1 10 11 6 3 5 7 4 
387 4 Winthrop 3 1 9 6 12 10 8 5 11 7 4 2 
388 2 Leverett 9 8 4 1 11 7 10 6 3 12 5 2 
389 7 Adams 10 11 3 8 2 4 12 6 5 9 1 7 
390 7 Dunster 3 8 10 6 5 9 11 7 2 4 12 1 
391 5 Adams 12 9 6 8 3 11 4 7 10 1 2 5 
392 2 Kirkland 8 1 11 9 7 5 10 3 4 2 6 12 
393 8 Quincy 3 8 2 9 6 11 10 1 5 7 12 4 
394 3 Leverett 5 3 4 9 2 10 1 11 8 12 7 6 
395 7 Pfoho 7 9 10 5 1 6 11 3 4 8 12 2 
396 3 Lowell 5 11 12 3 1 10 8 2 9 6 4 7 
397 5 Lowell 1 8 11 3 5 4 6 2 9 12 10 7 
398 3 Cabot 7 9 8 3 11 6 5 10 1 4 2 12 
399 4 Winthrop 12 6 11 7 5 3 1 2 10 4 8 9 
