0 7 ['Eliot'] 11 10 4 8 3 2 9 1 7 6 12 5 
1 2 ['Winthrop'] 1 9 4 10 8 6 5 12 3 7 11 2 
2 2 ['Adams'] 3 2 6 9 1 5 4 10 11 7 12 8 
3 2 ['Mather'] 9 2 1 10 8 4 5 7 6 11 3 12 
4 7 ['Kirkland'] 10 8 7 6 2 4 12 3 1 5 11 9 
5 2 ['Cabot'] 4 5 10 8 3 1 9 12 11 6 7 2 
6 2 ['Dunster'] 6 9 5 8 2 12 7 10 1 4 11 3 
7 4 ['Quincy'] 10 12 9 8 5 4 1 3 11 6 2 7 
8 2 ['Cabot'] 4 8 5 11 3 1 9 12 6 2 10 7 
9 1 ['Mather'] 8 12 9 5 2 1 11 4 3 10 6 7 
10 2 ['Quincy'] 2 7 6 10 3 9 4 1 12 8 5 11 
11 6 ['Eliot'] 2 11 4 12 9 6 3 8 10 1 5 7 
12 7 ['Adams'] 3 10 6 1 2 4 5 12 9 7 11 8 
13 2 ['Kirkland'] 1 2 5 7 9 8 6 3 11 4 10 12 
14 8 ['Leverett'] 6 4 5 10 9 8 3 1 12 2 7 11 
15 5 ['Cabot'] 5 9 2 4 7 12 3 8 10 1 6 11 
16 4 ['Pfoho'] 3 8 2 12 10 6 5 7 4 1 9 11 
17 5 ['Dunster'] 4 6 5 1 12 9 2 8 7 10 3 11 
18 2 ['Mather'] 9 12 6 1 3 5 10 8 7 4 11 2 
19 1 ['Cabot'] 6 11 3 7 8 9 12 10 1 2 5 4 
20 1 ['Mather'] 9 5 4 6 7 10 12 3 1 2 11 8 
21 3 ['Lowell'] 7 2 1 5 9 11 6 10 3 12 4 8 
22 6 ['Eliot'] 3 4 1 8 5 6 9 11 7 10 2 12 
23 6 ['Eliot'] 7 1 2 4 8 6 10 12 11 3 5 9 
24 3 ['Mather'] 2 5 11 7 4 9 1 8 10 3 12 6 
25 8 ['Winthrop'] 1 2 7 6 10 5 4 11 3 8 12 9 
26 5 ['Lowell'] 8 6 9 12 10 4 11 3 5 2 7 1 
27 7 ['Winthrop'] 6 12 10 1 9 4 3 8 5 7 2 11 
28 6 ['Lowell'] 8 9 3 6 12 11 10 7 5 1 2 4 
29 7 ['Adams'] 4 5 8 3 11 12 9 2 6 7 1 10 
30 4 ['Winthrop'] 11 1 10 5 3 4 8 2 12 9 7 6 
31 8 ['Eliot'] 8 3 4 11 1 12 7 10 2 5 6 9 
32 2 ['Pfoho'] 10 3 8 6 9 2 11 4 5 12 7 1 
33 3 ['Pfoho'] 10 8 11 1 2 3 4 12 6 7 9 5 
34 6 ['Kirkland'] 4 2 1 8 5 11 6 3 9 10 12 7 
35 7 ['Mather'] 3 6 12 8 9 11 5 4 7 10 1 2 
36 7 ['Winthrop'] 2 4 7 10 3 1 9 12 11 6 5 8 
37 5 ['Lowell'] 7 3 8 6 5 4 9 1 2 12 10 11 
38 7 ['Quincy'] 11 10 2 7 5 12 4 1 9 3 8 6 
39 7 ['Leverett'] 3 8 9 7 2 11 12 1 5 4 6 10 
40 3 ['Quincy'] 6 7 3 10 8 11 2 5 4 9 1 12 
41 1 ['Dunster'] 2 9 12 4 7 11 3 6 5 10 8 1 
42 8 ['Pfoho'] 4 1 9 5 8 6 12 10 11 3 7 2 
43 8 ['Mather'] 2 4 3 7 9 8 5 12 10 1 11 6 
44 5 ['Adams'] 7 3 4 10 11 9 6 8 12 5 2 1 
45 4 ['Kirkland'] 7 12 4 2 8 5 6 1 9 11 3 10 
46 3 ['Leverett'] 3 2 1 4 6 12 8 7 9 10 11 5 
47 2 ['Cabot'] 10 9 3 6 4 8 7 12 1 2 11 5 
48 4 ['Leverett'] 4 7 9 6 12 10 2 8 1 3 11 5 
49 7 ['Dunster'] 8 5 11 10 4 12 1 9 3 6 2 7 
50 6 ['Adams'] 5 8 2 12 6 4 3 10 7 9 11 1 
51 7 ['Cabot'] 9 4 1 10 8 5 2 12 6 7 3 11 
52 3 ['Eliot'] 4 10 6 11 7 5 3 9 8 12 1 2 
53 5 ['Winthrop'] 11 6 4 1 2 9 12 7 3 10 5 8 
54 3 ['Lowell'] 8 5 4 11 2 12 10 1 6 9 7 3 
55 4 ['Quincy'] 3 6 8 9 5 10 4 11 12 7 2 1 
56 3 ['Winthrop'] 6 5 1 2 4 3 7 8 9 11 10 12 
57 5 ['Lowell'] 1 10 2 7 12 3 4 11 8 9 5 6 
58 5 ['Currier'] 4 11 10 7 9 8 12 3 6 5 2 1 
59 2 ['Pfoho'] 4 3 9 6 2 12 7 5 10 1 8 11 
60 8 ['Eliot'] 11 7 3 6 12 1 8 2 5 9 4 10 
61 8 ['Leverett'] 1 2 8 5 7 4 3 10 11 9 12 6 
62 8 ['Kirkland'] 3 12 9 4 1 5 6 7 11 2 10 8 
63 5 ['Pfoho'] 8 9 5 12 2 6 3 7 10 4 11 1 
64 3 ['Pfoho'] 10 4 1 2 3 7 8 11 12 6 9 5 
65 6 ['Pfoho'] 9 5 6 3 12 7 4 10 2 8 11 1 
66 4 ['Cabot'] 9 4 8 6 3 7 5 12 1 2 11 10 
67 7 ['Cabot'] 4 6 2 12 5 10 11 7 1 9 8 3 
68 5 ['Lowell'] 4 5 8 11 12 9 7 1 10 2 6 3 
69 7 ['Eliot'] 5 9 12 2 11 6 8 7 3 1 4 10 
70 4 ['Winthrop'] 6 2 7 10 5 4 8 1 3 12 9 11 
71 4 ['Cabot'] 5 3 8 11 9 7 10 4 12 2 6 1 
72 1 ['Lowell'] 6 11 5 7 3 1 4 9 8 2 12 10 
73 7 ['Adams'] 1 6 8 12 5 3 4 2 11 7 9 10 
74 2 ['Currier'] 3 7 8 1 11 9 10 4 2 6 5 12 
75 8 ['Winthrop'] 1 4 11 10 7 9 6 8 3 5 12 2 
76 7 ['Leverett'] 11 1 5 8 3 2 6 7 10 12 4 9 
77 3 ['Currier'] 1 5 2 6 10 9 4 7 12 11 3 8 
78 7 ['Adams'] 11 1 10 12 7 8 9 4 6 5 2 3 
79 8 ['Quincy'] 11 4 10 8 5 1 9 3 12 6 2 7 
80 2 ['Adams'] 9 1 3 4 10 7 6 8 12 11 2 5 
81 6 ['Kirkland'] 8 4 12 2 9 6 1 3 5 10 7 11 
82 5 ['Lowell'] 11 9 5 8 1 6 12 10 2 4 3 7 
83 8 ['Dunster'] 7 12 4 3 9 8 5 6 11 1 10 2 
84 6 ['Currier'] 7 2 6 8 4 12 11 3 1 10 5 9 
85 5 ['Pfoho'] 9 2 3 5 7 6 12 4 1 11 10 8 
86 3 ['Pfoho'] 11 5 4 8 1 6 12 3 10 2 7 9 
87 7 ['Quincy'] 4 8 5 10 12 1 11 2 6 9 3 7 
88 8 ['Leverett'] 8 6 3 4 7 10 11 1 5 9 2 12 
89 8 ['Adams'] 1 8 10 6 7 11 9 5 2 4 3 12 
90 4 ['Pfoho'] 10 8 3 2 11 9 7 1 6 12 5 4 
91 5 ['Adams'] 12 7 8 9 4 1 3 6 11 10 2 5 
92 2 ['Leverett'] 11 7 12 2 6 8 10 9 3 5 1 4 
93 2 ['Winthrop'] 1 11 12 9 5 6 10 8 4 7 3 2 
94 3 ['Quincy'] 10 5 2 3 6 11 8 7 4 12 9 1 
95 2 ['Pfoho'] 12 10 3 8 7 4 1 11 2 5 9 6 
96 8 ['Leverett'] 10 3 1 6 12 11 9 7 2 8 4 5 
97 3 ['Quincy'] 5 1 2 12 9 3 11 7 8 10 6 4 
98 7 ['Lowell'] 6 7 11 2 10 9 12 5 4 8 3 1 
99 6 ['Mather'] 2 8 10 9 6 11 12 7 1 5 3 4 
100 8 ['Eliot'] 4 1 9 8 12 2 6 3 10 5 11 7 
101 5 ['Cabot'] 7 6 10 9 2 4 12 5 3 1 8 11 
102 5 ['Lowell'] 6 9 3 11 4 2 10 12 8 5 7 1 
103 7 ['Lowell'] 8 5 3 7 10 6 11 9 4 12 1 2 
104 8 ['Currier'] 7 12 6 8 9 10 2 4 5 1 11 3 
105 3 ['Pfoho'] 7 11 1 4 3 2 6 5 8 12 9 10 
106 3 ['Dunster'] 3 10 2 5 8 1 11 4 12 7 6 9 
107 1 ['Winthrop'] 6 3 10 5 12 7 9 4 8 11 1 2 
108 5 ['Lowell'] 11 3 1 8 10 9 12 5 4 6 7 2 
109 5 ['Currier'] 12 10 3 5 7 11 9 2 4 8 1 6 
110 2 ['Dunster'] 5 2 6 12 3 4 1 10 7 11 8 9 
111 6 ['Cabot'] 8 2 9 6 4 5 7 11 1 10 3 12 
112 7 ['Mather'] 4 6 2 8 12 10 1 11 9 3 7 5 
113 6 ['Lowell'] 1 12 6 2 10 5 11 8 4 9 3 7 
114 7 ['Eliot'] 9 7 2 3 10 5 6 1 11 8 12 4 
115 1 ['Winthrop'] 12 6 8 10 2 3 1 4 11 5 7 9 
116 5 ['Eliot'] 7 11 2 5 9 1 4 12 6 8 10 3 
117 4 ['Cabot'] 10 9 4 6 8 3 2 7 5 12 1 11 
118 7 ['Eliot'] 1 5 10 11 7 9 3 4 12 6 8 2 
119 4 ['Eliot'] 1 5 8 9 11 10 2 3 6 7 12 4 
120 6 ['Quincy'] 3 12 8 6 9 11 5 1 4 2 10 7 
121 5 ['Leverett'] 9 10 3 4 11 8 12 5 2 6 7 1 
122 3 ['Leverett'] 10 4 11 1 7 12 9 2 5 3 8 6 
123 6 ['Dunster'] 9 3 5 11 12 10 7 4 8 6 2 1 
124 7 ['Cabot'] 3 1 4 9 10 6 11 2 5 8 7 12 
125 3 ['Mather'] 8 12 2 11 7 4 9 6 5 1 3 10 
126 2 ['Kirkland'] 10 11 2 5 3 12 1 8 6 9 4 7 
127 5 ['Pfoho'] 2 1 10 7 6 3 11 8 5 4 9 12 
128 4 ['Pfoho'] 10 3 2 8 4 6 1 9 5 11 7 12 
129 8 ['Dunster'] 6 1 5 4 9 7 11 10 8 3 12 2 
130 3 ['Leverett'] 5 11 9 6 12 8 3 7 10 2 1 4 
131 6 ['Lowell'] 9 5 7 2 10 3 6 1 12 11 8 4 
132 4 ['Currier'] 10 7 8 1 6 5 3 11 12 2 4 9 
133 5 ['Quincy'] 1 3 6 10 9 11 8 7 2 5 4 12 
134 7 ['Adams'] 2 7 1 10 6 12 4 5 11 9 8 3 
135 1 ['Kirkland'] 8 4 6 2 5 11 12 1 10 7 9 3 
136 3 ['Mather'] 3 8 2 9 5 11 6 12 1 7 4 10 
137 1 ['Cabot'] 1 4 8 11 12 5 6 2 9 10 3 7 
138 7 ['Dunster'] 6 4 1 12 2 3 11 9 8 7 5 10 
139 7 ['Quincy'] 7 2 1 3 12 10 11 5 8 9 4 6 
140 1 ['Lowell'] 2 1 7 6 3 4 11 5 8 12 9 10 
141 2 ['Currier'] 1 5 7 2 11 9 12 3 8 10 6 4 
142 1 ['Currier'] 4 6 3 8 10 7 9 1 11 2 12 5 
143 2 ['Dunster'] 7 8 6 4 9 10 1 2 3 12 11 5 
144 6 ['Quincy'] 4 10 6 1 3 5 12 2 11 9 7 8 
145 5 ['Quincy'] 12 2 1 4 11 6 8 3 5 10 7 9 
146 1 ['Kirkland'] 5 7 4 6 8 9 12 3 2 10 1 11 
147 5 ['Kirkland'] 1 2 11 3 12 9 7 4 10 6 8 5 
148 7 ['Leverett'] 3 12 5 9 8 7 11 4 10 1 6 2 
149 3 ['Lowell'] 7 10 1 2 6 8 9 3 5 12 11 4 
150 4 ['Dunster'] 4 6 12 10 5 3 9 2 1 11 8 7 
151 7 ['Leverett'] 3 8 9 2 10 7 4 12 11 6 1 5 
152 8 ['Pfoho'] 3 4 8 10 7 2 5 6 1 9 12 11 
153 2 ['Pfoho'] 6 5 4 2 10 11 9 3 12 8 7 1 
154 2 ['Winthrop'] 2 8 7 12 1 3 5 9 10 6 4 11 
155 5 ['Winthrop'] 10 2 6 7 1 3 5 8 11 9 4 12 
156 2 ['Currier'] 3 1 12 7 4 8 2 10 11 6 5 9 
157 1 ['Eliot'] 2 11 8 5 1 12 7 9 6 3 4 10 
158 5 ['Currier'] 7 11 9 1 6 4 10 8 12 2 5 3 
159 4 ['Lowell'] 12 6 4 11 8 5 3 10 9 2 1 7 
160 6 ['Dunster'] 8 5 3 10 12 2 6 1 11 4 7 9 
161 3 ['Quincy'] 5 7 11 3 1 6 4 8 2 9 12 10 
162 2 ['Leverett'] 5 6 10 9 7 1 8 3 2 12 11 4 
163 5 ['Currier'] 5 8 6 4 1 10 9 7 2 12 3 11 
164 6 ['Quincy'] 3 4 9 12 5 11 10 7 6 2 8 1 
165 7 ['Lowell'] 8 5 7 10 4 11 12 1 2 9 6 3 
166 5 ['Lowell'] 10 7 4 8 9 12 6 2 11 5 3 1 
167 4 ['Cabot'] 12 6 10 5 2 11 1 7 4 3 9 8 
168 7 ['Leverett'] 12 8 10 7 1 6 9 2 11 3 4 5 
169 2 ['Quincy'] 2 4 3 12 10 7 6 9 5 8 1 11 
170 1 ['Cabot'] 3 5 6 2 10 9 8 7 4 12 11 1 
171 7 ['Currier'] 7 11 3 9 8 4 2 12 1 5 10 6 
172 7 ['Mather'] 7 1 5 9 6 8 11 2 4 12 10 3 
173 6 ['Lowell'] 6 7 11 1 8 3 9 2 4 5 12 10 
174 2 ['Adams'] 8 1 6 9 10 7 11 5 2 3 4 12 
175 7 ['Eliot'] 3 11 12 2 7 4 10 9 1 5 6 8 
176 2 ['Eliot'] 2 9 4 12 1 6 10 8 7 11 3 5 
177 6 ['Dunster'] 8 12 10 4 11 3 2 7 9 1 5 6 
178 2 ['Cabot'] 3 6 4 1 9 11 2 8 7 10 5 12 
179 6 ['Quincy'] 8 1 12 11 10 5 7 6 2 4 3 9 
180 2 ['Lowell'] 6 3 10 5 7 1 9 8 12 11 2 4 
181 3 ['Adams'] 4 12 8 5 9 10 2 7 6 1 3 11 
182 8 ['Kirkland'] 3 11 8 1 5 2 7 12 6 9 4 10 
183 4 ['Cabot'] 7 8 9 11 10 4 12 5 3 1 2 6 
184 3 ['Leverett'] 7 4 11 1 2 12 9 8 6 5 10 3 
185 1 ['Winthrop'] 2 5 10 3 8 1 11 9 6 12 4 7 
186 1 ['Currier'] 3 12 9 2 7 11 1 10 4 5 6 8 
187 6 ['Cabot'] 7 6 9 2 3 11 8 12 10 1 5 4 
188 5 ['Mather'] 7 11 6 10 8 4 5 12 1 3 2 9 
189 3 ['Mather'] 12 2 11 8 7 6 1 10 3 4 5 9 
190 2 ['Adams'] 11 10 8 4 6 2 5 1 9 7 3 12 
191 7 ['Dunster'] 7 11 2 10 1 3 4 12 6 5 8 9 
192 3 ['Currier'] 12 10 1 8 7 2 5 4 3 6 11 9 
193 5 ['Quincy'] 7 5 12 8 3 1 9 4 10 2 6 11 
194 1 ['Kirkland'] 11 5 12 1 3 4 2 8 9 6 7 10 
195 7 ['Pfoho'] 4 1 9 7 11 5 6 2 12 10 3 8 
196 7 ['Dunster'] 12 4 9 7 11 1 5 2 6 8 3 10 
197 8 ['Eliot'] 10 3 2 9 1 8 4 11 6 5 7 12 
198 8 ['Mather'] 6 10 3 5 1 12 7 4 9 11 2 8 
199 7 ['Lowell'] 7 3 6 5 10 12 8 9 2 11 4 1 
200 4 ['Dunster'] 6 11 2 10 12 1 5 8 3 7 9 4 
201 7 ['Currier'] 12 5 4 2 10 3 7 6 9 11 1 8 
202 7 ['Dunster'] 12 3 8 10 4 5 6 11 1 2 7 9 
203 7 ['Mather'] 12 5 4 6 11 10 2 3 7 9 1 8 
204 5 ['Adams'] 1 8 3 7 4 5 11 6 12 10 2 9 
205 3 ['Currier'] 12 3 8 10 6 2 1 11 9 7 4 5 
206 4 ['Cabot'] 1 3 8 12 2 7 5 9 6 10 11 4 
207 1 ['Currier'] 3 6 1 2 5 8 4 10 7 12 11 9 
208 8 ['Kirkland'] 12 1 6 5 7 4 10 2 9 3 8 11 
209 2 ['Adams'] 4 9 5 1 6 12 7 11 2 3 10 8 
210 7 ['Kirkland'] 1 4 7 10 9 8 3 6 12 2 5 11 
211 3 ['Dunster'] 7 2 4 10 3 6 9 12 1 8 11 5 
212 1 ['Cabot'] 10 11 5 8 2 3 6 1 12 7 9 4 
213 5 ['Winthrop'] 11 6 7 10 1 2 12 3 8 4 9 5 
214 6 ['Dunster'] 3 1 4 8 9 2 10 11 5 7 6 12 
215 3 ['Winthrop'] 1 6 8 4 10 3 12 2 9 11 5 7 
216 4 ['Winthrop'] 2 1 11 7 5 10 4 9 12 6 8 3 
217 8 ['Quincy'] 3 2 7 8 11 6 12 9 10 5 1 4 
218 4 ['Adams'] 11 2 10 12 6 5 9 1 7 3 8 4 
219 8 ['Eliot'] 5 2 12 1 4 3 9 6 7 8 10 11 
220 2 ['Dunster'] 4 7 12 6 10 8 2 3 11 9 5 1 
221 7 ['Dunster'] 6 10 3 8 4 11 7 12 1 9 2 5 
222 3 ['Currier'] 9 10 4 7 11 1 12 3 6 2 8 5 
223 5 ['Leverett'] 7 8 2 4 10 11 1 9 6 5 3 12 
224 6 ['Winthrop'] 2 9 10 6 4 11 8 1 12 3 5 7 
225 6 ['Eliot'] 9 5 2 11 8 3 10 12 6 4 7 1 
226 3 ['Lowell'] 9 8 2 11 3 4 6 10 1 7 5 12 
227 7 ['Eliot'] 8 11 1 12 6 2 3 9 4 7 5 10 
228 1 ['Pfoho'] 10 1 2 7 12 6 8 4 3 5 9 11 
229 4 ['Mather'] 5 1 10 8 9 3 11 4 6 7 12 2 
230 6 ['Pfoho'] 8 4 11 2 6 9 7 10 1 3 12 5 
231 5 ['Leverett'] 12 3 4 9 7 8 10 2 1 11 6 5 
232 5 ['Adams'] 6 2 3 8 9 5 12 10 11 4 1 7 
233 7 ['Currier'] 5 8 3 10 6 12 11 2 7 4 9 1 
234 7 ['Lowell'] 9 3 6 2 5 4 10 8 12 1 11 7 
235 6 ['Mather'] 6 12 10 9 5 3 1 8 11 7 4 2 
236 5 ['Adams'] 3 10 9 6 11 5 2 12 8 4 7 1 
237 4 ['Kirkland'] 5 4 11 9 2 6 10 8 1 3 7 12 
238 8 ['Currier'] 5 1 8 9 2 6 3 4 12 7 11 10 
239 4 ['Adams'] 11 2 7 4 5 10 9 6 3 12 8 1 
240 6 ['Leverett'] 3 7 9 1 2 5 10 8 12 4 6 11 
241 6 ['Pfoho'] 7 6 2 8 12 9 5 3 1 11 10 4 
242 1 ['Winthrop'] 3 4 9 8 12 6 7 10 5 1 11 2 
243 5 ['Kirkland'] 8 7 2 12 6 1 9 4 3 5 11 10 
244 6 ['Lowell'] 10 4 5 9 6 8 1 3 11 12 2 7 
245 7 ['Kirkland'] 9 3 10 2 1 6 8 11 5 4 12 7 
246 6 ['Dunster'] 7 12 4 10 11 3 1 2 8 6 5 9 
247 8 ['Leverett'] 1 2 11 10 4 6 12 8 7 5 9 3 
248 8 ['Quincy'] 9 12 1 5 7 2 11 8 10 3 4 6 
249 2 ['Leverett'] 8 6 7 11 10 12 4 5 3 1 9 2 
250 6 ['Pfoho'] 12 5 1 8 2 9 6 3 7 11 4 10 
251 4 ['Dunster'] 8 12 6 1 9 7 4 5 11 10 2 3 
252 3 ['Mather'] 8 11 5 1 9 2 12 6 10 3 4 7 
253 1 ['Adams'] 5 7 2 12 8 6 1 4 10 11 9 3 
254 5 ['Pfoho'] 6 1 9 11 4 8 7 12 10 3 5 2 
255 1 ['Mather'] 10 12 6 8 11 1 2 7 3 9 5 4 
256 4 ['Lowell'] 10 4 12 6 9 1 5 2 7 11 3 8 
257 7 ['Pfoho'] 9 10 3 1 12 4 6 11 5 7 8 2 
258 4 ['Leverett'] 7 12 4 8 5 3 6 1 2 11 10 9 
259 3 ['Eliot'] 9 3 1 10 12 7 2 4 11 5 6 8 
260 2 ['Currier'] 6 9 1 4 7 5 11 8 12 3 2 10 
261 6 ['Cabot'] 1 7 3 9 11 8 4 12 10 2 5 6 
262 8 ['Pfoho'] 7 10 3 4 1 9 2 12 11 5 8 6 
263 3 ['Lowell'] 5 7 3 8 1 9 6 12 2 11 4 10 
264 6 ['Adams'] 6 2 5 8 7 11 1 3 12 10 9 4 
265 2 ['Quincy'] 3 4 11 7 6 8 12 2 10 1 5 9 
266 7 ['Leverett'] 10 1 2 6 7 8 11 3 12 5 4 9 
267 6 ['Pfoho'] 7 1 6 3 8 10 11 5 12 2 4 9 
268 6 ['Kirkland'] 4 12 11 7 3 2 8 5 9 6 1 10 
269 4 ['Winthrop'] 8 2 12 9 7 4 6 10 11 3 5 1 
270 3 ['Currier'] 10 4 12 2 6 9 3 5 11 1 7 8 
271 6 ['Pfoho'] 8 9 11 1 12 6 3 2 4 7 10 5 
272 2 ['Pfoho'] 5 12 11 9 8 3 1 2 4 6 7 10 
273 1 ['Adams'] 8 12 10 3 1 6 11 5 9 2 4 7 
274 2 ['Eliot'] 1 10 2 12 6 8 9 7 5 11 3 4 
275 3 ['Cabot'] 11 10 2 3 5 4 1 12 9 6 8 7 
276 1 ['Pfoho'] 6 2 8 12 10 5 1 7 3 11 9 4 
277 7 ['Currier'] 1 5 12 10 8 2 11 6 7 3 9 4 
278 8 ['Adams'] 11 5 6 1 12 8 3 4 2 9 10 7 
279 5 ['Cabot'] 1 11 10 3 8 7 2 5 6 9 4 12 
280 2 ['Currier'] 8 2 7 10 6 3 4 1 12 5 11 9 
281 7 ['Adams'] 4 10 2 7 11 12 6 1 5 9 3 8 
282 3 ['Pfoho'] 11 12 6 8 9 2 3 1 4 5 10 7 
283 7 ['Leverett'] 1 4 2 11 12 8 7 6 5 3 9 10 
284 6 ['Mather'] 11 8 4 10 1 7 3 2 9 12 6 5 
285 6 ['Pfoho'] 4 1 3 8 2 11 12 6 7 10 9 5 
286 1 ['Kirkland'] 6 7 10 2 4 5 1 12 3 11 9 8 
287 8 ['Winthrop'] 11 6 5 10 1 3 9 12 8 2 4 7 
288 1 ['Eliot'] 5 1 9 4 11 6 7 2 3 10 8 12 
289 1 ['Currier'] 11 1 12 2 4 7 10 5 8 9 6 3 
290 8 ['Pfoho'] 9 10 7 4 12 3 11 2 6 5 1 8 
291 5 ['Eliot'] 4 8 1 6 11 12 7 9 10 2 5 3 
292 8 ['Quincy'] 12 1 7 11 10 6 4 8 9 3 5 2 
293 2 ['Winthrop'] 1 10 9 4 7 3 12 2 11 5 6 8 
294 5 ['Cabot'] 3 11 6 9 4 1 10 7 12 2 5 8 
295 7 ['Adams'] 11 5 10 4 8 12 6 3 2 7 9 1 
296 7 ['Quincy'] 9 12 3 4 7 1 6 5 2 10 8 11 
297 5 ['Kirkland'] 4 6 8 11 9 7 12 3 1 2 5 10 
298 7 ['Pfoho'] 5 4 10 3 11 6 8 7 2 12 9 1 
299 1 ['Currier'] 10 9 7 12 8 4 5 11 6 3 2 1 
300 4 ['Dunster'] 5 12 10 8 1 4 2 6 11 9 7 3 
301 3 ['Kirkland'] 6 8 4 12 9 7 10 11 1 2 3 5 
302 1 ['Winthrop'] 10 3 5 1 9 6 2 4 8 12 7 11 
303 1 ['Eliot'] 8 5 3 11 4 7 10 1 12 6 9 2 
304 7 ['Cabot'] 2 7 3 6 11 8 12 5 4 10 1 9 
305 4 ['Mather'] 2 6 9 10 12 11 5 7 8 1 4 3 
306 8 ['Cabot'] 7 2 11 1 3 5 9 8 12 6 4 10 
307 7 ['Winthrop'] 12 8 9 5 3 6 1 2 11 7 10 4 
308 1 ['Pfoho'] 10 11 2 3 9 5 6 8 12 1 7 4 
309 6 ['Lowell'] 7 5 9 6 10 3 1 2 12 8 4 11 
310 2 ['Mather'] 9 6 10 5 8 3 4 11 7 1 12 2 
311 4 ['Adams'] 5 11 9 1 3 7 4 6 8 2 12 10 
312 4 ['Lowell'] 5 7 2 3 8 10 12 4 11 9 1 6 
313 5 ['Mather'] 2 9 6 10 1 7 4 12 8 5 3 11 
314 5 ['Kirkland'] 10 8 12 3 6 4 7 9 11 1 2 5 
315 5 ['Winthrop'] 6 8 10 5 12 3 4 9 1 7 2 11 
316 1 ['Pfoho'] 4 1 12 2 6 7 11 9 5 8 10 3 
317 7 ['Mather'] 11 12 5 2 8 9 3 6 7 10 1 4 
318 4 ['Dunster'] 12 2 4 10 6 7 11 5 9 8 1 3 
319 8 ['Cabot'] 9 4 11 12 3 5 7 10 2 8 1 6 
320 7 ['Eliot'] 1 7 8 2 12 9 10 5 6 4 11 3 
321 2 ['Mather'] 7 8 5 2 11 12 1 9 4 10 6 3 
322 8 ['Currier'] 12 3 2 7 11 1 9 8 6 5 4 10 
323 8 ['Adams'] 9 11 2 1 6 5 4 12 7 8 10 3 
324 8 ['Quincy'] 4 11 12 2 8 3 1 5 9 7 10 6 
325 6 ['Leverett'] 10 12 2 6 11 1 8 9 4 7 5 3 
326 4 ['Leverett'] 10 3 4 12 1 6 9 5 11 2 7 8 
327 3 ['Adams'] 6 10 9 2 4 1 5 12 7 3 8 11 
328 4 ['Lowell'] 6 11 8 3 4 5 7 12 9 1 10 2 
329 7 ['Pfoho'] 11 7 1 6 12 5 8 10 3 9 4 2 
330 7 ['Eliot'] 11 4 9 1 2 10 5 6 12 8 3 7 
331 5 ['Kirkland'] 1 11 4 8 10 5 12 2 7 9 3 6 
332 5 ['Kirkland'] 10 3 8 9 6 5 11 7 12 1 4 2 
333 2 ['Quincy'] 10 2 4 9 11 1 7 12 6 3 5 8 
334 4 ['Winthrop'] 12 2 4 6 11 1 7 5 8 10 9 3 
335 4 ['Mather'] 12 9 2 3 6 1 8 11 10 4 5 7 
336 4 ['Kirkland'] 5 7 2 4 1 11 6 8 12 10 3 9 
337 4 ['Cabot'] 1 7 10 4 3 11 5 12 9 2 8 6 
338 1 ['Lowell'] 6 8 10 7 11 12 5 1 3 4 2 9 
339 6 ['Quincy'] 8 12 1 9 4 6 11 3 10 2 5 7 
340 5 ['Pfoho'] 6 5 11 7 4 3 12 9 8 2 1 10 
341 6 ['Mather'] 2 3 8 5 11 1 10 7 6 12 9 4 
342 4 ['Winthrop'] 6 9 11 4 10 12 2 7 1 3 5 8 
343 2 ['Winthrop'] 8 9 11 12 10 4 7 1 2 6 3 5 
344 5 ['Dunster'] 11 7 8 1 2 4 6 3 9 10 5 12 
345 7 ['Leverett'] 6 1 10 4 5 7 11 8 2 9 12 3 
346 7 ['Lowell'] 9 10 11 8 4 2 3 1 6 12 5 7 
347 5 ['Kirkland'] 1 8 5 7 2 11 10 4 9 3 6 12 
348 8 ['Cabot'] 4 2 6 5 3 1 9 8 10 12 7 11 
349 4 ['Adams'] 2 6 4 3 8 5 10 11 1 9 7 12 
350 4 ['Kirkland'] 2 5 4 11 12 9 7 6 10 8 1 3 
351 3 ['Winthrop'] 8 10 5 6 2 7 9 4 11 3 12 1 
352 1 ['Quincy'] 7 11 2 10 3 6 8 12 9 1 4 5 
353 2 ['Adams'] 10 9 2 11 5 3 12 6 7 8 4 1 
354 8 ['Dunster'] 8 11 1 2 10 6 3 4 7 5 12 9 
355 5 ['Currier'] 10 7 2 3 5 4 11 8 12 6 9 1 
356 6 ['Cabot'] 3 10 9 12 8 5 7 11 4 1 6 2 
357 4 ['Currier'] 9 1 5 3 6 8 12 7 4 10 11 2 
358 1 ['Eliot'] 12 8 6 11 7 3 5 9 4 2 1 10 
359 3 ['Eliot'] 1 12 2 7 5 11 4 9 6 10 8 3 
360 3 ['Cabot'] 5 8 4 11 1 9 10 7 2 12 6 3 
361 1 ['Winthrop'] 11 6 5 7 3 12 9 2 10 8 4 1 
362 8 ['Winthrop'] 12 5 6 9 11 1 8 2 7 10 4 3 
363 1 ['Quincy'] 1 8 5 3 2 10 11 12 4 7 6 9 
364 4 ['Kirkland'] 12 2 3 10 8 6 4 11 5 9 1 7 
365 6 ['Pfoho'] 8 10 3 6 1 2 4 5 7 12 11 9 
366 7 ['Lowell'] 3 1 11 5 10 2 7 12 9 4 8 6 
367 7 ['Dunster'] 7 12 6 1 2 3 10 4 5 11 9 8 
368 8 ['Eliot'] 5 6 7 1 4 2 12 8 9 3 10 11 
369 7 ['Leverett'] 8 10 4 1 11 5 9 3 2 12 6 7 
370 5 ['Kirkland'] 8 10 2 1 9 3 11 5 12 4 6 7 
371 5 ['Dunster'] 12 10 4 9 2 6 11 1 3 7 8 5 
372 6 ['Quincy'] 10 3 6 7 2 8 4 9 12 1 5 11 
373 4 ['Pfoho'] 4 2 3 5 6 9 11 12 1 7 10 8 
374 8 ['Eliot'] 4 1 11 10 8 3 2 7 5 9 12 6 
375 7 ['Lowell'] 9 6 1 4 12 8 3 2 5 7 11 10 
376 2 ['Lowell'] 9 6 3 4 7 1 2 12 8 5 11 10 
377 6 ['Lowell'] 12 2 10 7 4 11 1 6 5 8 9 3 
378 3 ['Eliot'] 4 8 9 6 7 12 11 2 3 10 1 5 
379 8 ['Lowell'] 6 5 8 11 4 12 9 10 3 1 7 2 
380 3 ['Kirkland'] 2 9 8 6 3 1 5 12 11 10 4 7 
381 8 ['Dunster'] 10 7 5 3 2 11 12 9 4 6 1 8 
382 6 ['Lowell'] 8 1 11 5 10 3 12 9 7 4 2 6 
383 6 ['Currier'] 4 7 9 5 10 11 1 6 8 12 2 3 
384 7 ['Kirkland'] 2 1 12 11 5 3 6 4 7 9 10 8 
385 4 ['Quincy'] 7 5 1 10 2 11 8 12 3 6 9 4 
386 8 ['Kirkland'] 7 6 8 11 12 2 1 10 9 5 4 3 
387 8 ['Currier'] 9 4 7 8 3 12 2 6 1 11 5 10 
388 2 ['Pfoho'] 3 4 5 6 10 12 9 1 7 8 11 2 
389 8 ['Adams'] 7 6 9 8 2 5 4 10 3 12 11 1 
390 1 ['Winthrop'] 2 6 10 7 11 5 8 9 12 4 3 1 
391 3 ['Quincy'] 8 9 6 3 4 10 2 1 5 12 7 11 
392 7 ['Lowell'] 2 11 10 1 6 5 9 7 12 8 3 4 
393 3 ['Kirkland'] 5 11 10 8 3 9 2 12 6 7 1 4 
394 4 ['Eliot'] 7 5 2 4 10 3 6 9 1 12 11 8 
395 3 ['Currier'] 2 6 1 7 4 3 8 9 11 5 12 10 
396 7 ['Currier'] 6 9 2 10 4 11 1 7 5 8 3 12 
397 4 ['Eliot'] 3 9 2 10 7 6 12 5 4 8 11 1 
398 2 ['Winthrop'] 10 2 12 3 8 9 1 5 11 6 7 4 
399 3 ['Mather'] 8 11 10 2 4 12 7 6 1 9 3 5 
