0 1 ['Cabot'] 11 2 9 10 6 4 8 12 1 7 3 5 
1 7 ['Quincy'] 6 1 7 3 10 2 12 8 4 5 9 11 
2 1 ['Leverett'] 7 2 8 6 4 1 5 10 11 9 3 12 
3 4 ['Pfoho'] 1 3 4 8 11 12 5 10 2 9 6 7 
4 8 ['Quincy'] 5 4 3 7 8 10 11 1 12 2 6 9 
5 2 ['Leverett'] 4 1 8 3 5 2 7 9 12 10 11 6 
6 8 ['Winthrop'] 4 8 10 3 9 5 2 6 1 11 12 7 
7 4 ['Eliot'] 7 11 3 10 5 1 9 12 6 2 4 8 
8 3 ['Mather'] 4 7 3 6 2 11 12 10 9 5 8 1 
9 5 ['Dunster'] 7 12 11 9 3 6 8 10 1 2 5 4 
10 8 ['Eliot'] 5 11 2 10 9 7 1 3 4 6 8 12 
11 6 ['Mather'] 7 11 4 12 10 5 8 2 3 9 1 6 
12 2 ['Leverett'] 8 12 9 10 1 4 2 11 3 7 5 6 
13 7 ['Currier'] 11 7 12 10 3 2 5 4 9 8 1 6 
14 2 ['Cabot'] 5 7 11 12 1 3 10 8 6 4 9 2 
15 3 ['Winthrop'] 4 2 9 3 8 6 10 11 12 1 7 5 
16 3 ['Currier'] 7 10 8 12 4 1 3 6 5 9 2 11 
17 4 ['Leverett'] 11 10 2 9 8 1 3 7 5 6 4 12 
18 7 ['Cabot'] 2 6 7 11 3 10 1 9 12 8 4 5 
19 7 ['Lowell'] 2 9 11 7 8 10 1 5 12 6 4 3 
20 6 ['Eliot'] 6 7 8 11 5 2 9 1 10 12 3 4 
21 6 ['Currier'] 10 11 6 12 5 4 2 3 9 1 8 7 
22 1 ['Mather'] 11 5 7 10 4 8 12 6 3 1 2 9 
23 3 ['Currier'] 8 9 3 12 2 11 6 1 10 7 5 4 
24 1 ['Quincy'] 5 7 10 2 4 1 6 9 12 8 11 3 
25 6 ['Kirkland'] 5 10 2 1 11 8 6 12 3 4 9 7 
26 5 ['Quincy'] 6 5 8 4 7 9 2 10 1 11 3 12 
27 2 ['Leverett'] 4 5 9 12 8 7 2 1 6 3 11 10 
28 2 ['Adams'] 11 4 9 6 3 2 10 7 12 8 5 1 
29 6 ['Mather'] 8 5 1 9 10 7 12 2 11 3 6 4 
30 4 ['Adams'] 4 8 6 1 12 3 7 10 2 11 9 5 
31 4 ['Mather'] 7 8 10 4 3 9 6 2 5 11 1 12 
32 8 ['Eliot'] 7 11 6 10 12 2 3 1 5 8 4 9 
33 8 ['Lowell'] 10 7 2 12 9 8 6 5 1 11 3 4 
34 2 ['Dunster'] 3 12 4 7 1 5 11 8 9 10 2 6 
35 8 ['Eliot'] 12 4 8 3 9 6 2 1 7 10 11 5 
36 5 ['Adams'] 4 10 1 5 2 8 9 12 7 11 6 3 
37 8 ['Winthrop'] 3 11 8 2 6 1 12 5 9 7 10 4 
38 1 ['Quincy'] 9 12 1 10 11 7 5 4 2 8 3 6 
39 8 ['Eliot'] 9 2 6 7 4 8 11 12 10 3 5 1 
40 6 ['Lowell'] 12 7 10 8 4 9 6 3 5 1 2 11 
41 4 ['Pfoho'] 2 9 11 3 4 7 12 6 8 5 10 1 
42 1 ['Winthrop'] 1 8 12 11 7 10 3 6 5 9 2 4 
43 7 ['Cabot'] 3 7 12 8 1 11 6 5 9 2 4 10 
44 4 ['Winthrop'] 1 11 12 6 10 9 5 4 2 7 3 8 
45 1 ['Dunster'] 8 3 2 4 1 12 10 9 11 5 7 6 
46 7 ['Pfoho'] 2 7 4 6 9 3 11 1 5 10 12 8 
47 8 ['Lowell'] 10 5 3 11 9 4 8 2 1 6 7 12 
48 5 ['Kirkland'] 11 6 2 12 5 10 3 7 1 9 4 8 
49 8 ['Currier'] 11 3 5 8 6 12 10 1 9 7 2 4 
50 5 ['Cabot'] 11 4 8 7 2 1 9 5 10 3 6 12 
51 4 ['Cabot'] 7 1 6 4 5 10 2 11 3 12 8 9 
52 3 ['Eliot'] 11 9 6 4 1 10 7 3 8 5 12 2 
53 6 ['Cabot'] 9 8 5 1 2 3 4 6 7 12 11 10 
54 7 ['Currier'] 9 12 11 2 7 10 4 5 1 8 6 3 
55 6 ['Adams'] 5 8 3 10 11 2 7 6 4 9 1 12 
56 2 ['Dunster'] 6 5 7 2 12 4 8 10 1 11 9 3 
57 5 ['Winthrop'] 7 11 8 12 6 5 9 10 4 2 3 1 
58 2 ['Adams'] 9 7 12 4 1 6 2 5 11 10 8 3 
59 3 ['Winthrop'] 11 1 6 12 10 9 5 4 2 8 3 7 
60 6 ['Adams'] 12 5 10 1 2 4 11 9 6 7 3 8 
61 8 ['Pfoho'] 6 12 5 3 8 2 9 11 1 4 7 10 
62 8 ['Adams'] 8 12 10 1 4 9 5 6 2 3 7 11 
63 2 ['Adams'] 7 4 10 9 8 5 1 12 11 6 2 3 
64 7 ['Currier'] 8 12 5 6 1 4 9 10 2 11 7 3 
65 6 ['Lowell'] 5 3 4 10 11 7 2 12 1 9 6 8 
66 5 ['Lowell'] 11 8 4 5 9 12 3 7 2 6 1 10 
67 1 ['Leverett'] 1 10 7 12 11 9 4 6 2 3 5 8 
68 1 ['Dunster'] 7 12 4 11 3 6 5 1 9 8 2 10 
69 6 ['Dunster'] 11 12 3 1 10 8 4 5 7 9 6 2 
70 2 ['Dunster'] 11 10 5 7 2 6 9 1 4 12 8 3 
71 5 ['Leverett'] 12 11 4 6 9 10 8 5 7 1 3 2 
72 8 ['Winthrop'] 6 2 5 3 4 11 8 10 7 9 12 1 
73 6 ['Eliot'] 9 11 7 12 3 4 10 1 5 2 8 6 
74 8 ['Cabot'] 12 10 1 7 2 9 8 6 3 5 11 4 
75 5 ['Dunster'] 6 5 10 9 11 7 3 8 1 4 2 12 
76 5 ['Dunster'] 3 1 2 9 5 12 10 8 7 11 4 6 
77 2 ['Quincy'] 10 7 5 4 12 11 9 1 3 8 2 6 
78 1 ['Quincy'] 1 9 12 2 8 11 5 10 4 3 7 6 
79 3 ['Dunster'] 5 10 7 4 6 2 1 11 9 12 3 8 
80 1 ['Mather'] 2 11 10 7 5 1 12 9 4 3 8 6 
81 7 ['Kirkland'] 1 7 4 2 3 6 10 5 12 11 9 8 
82 1 ['Adams'] 5 9 12 7 8 6 3 2 1 10 11 4 
83 4 ['Mather'] 1 5 10 3 9 7 12 6 11 2 4 8 
84 8 ['Winthrop'] 3 7 9 12 2 6 11 1 4 8 10 5 
85 3 ['Currier'] 2 7 1 3 4 5 8 12 9 10 11 6 
86 5 ['Cabot'] 3 10 7 12 1 2 11 8 5 9 6 4 
87 4 ['Lowell'] 4 6 12 7 1 9 8 5 2 3 11 10 
88 6 ['Mather'] 6 8 4 5 10 2 7 3 9 1 12 11 
89 2 ['Quincy'] 11 1 7 10 12 5 2 9 4 8 6 3 
90 1 ['Cabot'] 4 8 5 1 7 11 9 6 3 10 2 12 
91 6 ['Kirkland'] 3 8 9 1 4 6 10 2 11 12 7 5 
92 6 ['Currier'] 1 11 5 6 12 9 3 10 4 7 2 8 
93 4 ['Dunster'] 6 4 8 5 2 9 3 11 7 1 10 12 
94 6 ['Kirkland'] 11 10 1 4 12 8 6 3 9 5 7 2 
95 8 ['Lowell'] 11 5 2 12 3 7 10 6 8 9 4 1 
96 8 ['Winthrop'] 10 7 3 12 4 1 5 9 11 2 8 6 
97 2 ['Pfoho'] 7 8 5 11 1 10 12 6 4 2 9 3 
98 4 ['Quincy'] 8 12 1 5 7 11 4 9 3 10 6 2 
99 3 ['Leverett'] 1 7 6 4 10 3 11 12 9 5 2 8 
100 5 ['Lowell'] 7 5 1 4 12 6 10 3 8 2 11 9 
101 6 ['Adams'] 8 3 2 4 1 9 10 5 6 11 12 7 
102 1 ['Adams'] 1 6 3 10 8 12 2 5 11 9 4 7 
103 2 ['Kirkland'] 11 6 8 4 9 12 5 7 2 3 1 10 
104 1 ['Kirkland'] 5 2 7 9 4 8 3 1 6 10 12 11 
105 4 ['Eliot'] 5 8 10 3 4 9 2 7 6 12 1 11 
106 3 ['Lowell'] 3 1 12 7 8 10 5 11 6 2 9 4 
107 1 ['Lowell'] 6 5 10 2 8 11 12 4 1 3 7 9 
108 4 ['Pfoho'] 5 12 3 2 10 7 11 1 9 8 6 4 
109 7 ['Winthrop'] 4 2 7 1 6 10 11 5 3 12 9 8 
110 3 ['Leverett'] 8 10 2 1 9 6 11 5 7 3 12 4 
111 4 ['Quincy'] 6 1 3 11 12 5 9 7 10 8 4 2 
112 2 ['Mather'] 12 10 7 3 1 5 8 6 11 4 9 2 
113 5 ['Mather'] 10 6 11 8 9 4 1 3 5 12 7 2 
114 1 ['Pfoho'] 11 2 9 5 7 6 1 12 8 10 4 3 
115 6 ['Leverett'] 9 7 4 5 1 12 10 2 11 8 6 3 
116 6 ['Lowell'] 3 9 10 12 5 6 2 7 1 11 4 8 
117 6 ['Currier'] 9 1 8 6 7 12 10 2 11 5 3 4 
118 3 ['Adams'] 12 6 7 3 10 11 1 2 5 8 4 9 
119 8 ['Cabot'] 5 1 10 3 6 7 9 2 12 8 4 11 
120 5 ['Currier'] 12 7 3 5 4 10 11 6 1 2 9 8 
121 6 ['Lowell'] 4 6 8 7 1 12 2 5 3 9 10 11 
122 4 ['Leverett'] 12 1 10 4 7 8 2 6 3 11 9 5 
123 7 ['Eliot'] 6 10 5 4 11 1 9 8 12 7 2 3 
124 5 ['Dunster'] 1 2 6 10 8 11 7 4 5 9 3 12 
125 3 ['Dunster'] 8 4 11 2 5 1 7 10 3 9 6 12 
126 1 ['Kirkland'] 10 3 12 8 1 2 5 9 4 6 11 7 
127 8 ['Leverett'] 10 9 11 5 6 1 3 12 7 8 4 2 
128 7 ['Cabot'] 5 7 4 3 2 11 9 1 12 8 6 10 
129 6 ['Kirkland'] 3 6 11 1 12 5 9 4 8 2 10 7 
130 6 ['Mather'] 1 9 2 6 11 12 5 3 7 8 4 10 
131 8 ['Leverett'] 12 1 5 3 8 9 2 7 6 10 4 11 
132 5 ['Pfoho'] 10 2 7 1 8 3 5 9 11 6 12 4 
133 6 ['Cabot'] 3 1 7 8 5 6 12 10 9 4 11 2 
134 7 ['Eliot'] 12 5 7 1 4 11 6 8 3 9 2 10 
135 1 ['Lowell'] 6 10 5 9 2 8 11 3 7 4 12 1 
136 8 ['Adams'] 9 8 11 4 3 5 7 2 1 12 10 6 
137 1 ['Kirkland'] 3 2 1 10 4 11 8 6 5 7 9 12 
138 1 ['Dunster'] 3 12 5 11 10 2 7 9 4 1 6 8 
139 2 ['Pfoho'] 1 3 12 5 8 6 10 7 11 2 9 4 
140 1 ['Kirkland'] 5 2 8 6 7 10 9 3 11 12 4 1 
141 3 ['Dunster'] 11 7 9 3 10 5 2 8 1 4 12 6 
142 3 ['Cabot'] 1 2 7 5 4 8 3 12 9 6 11 10 
143 8 ['Cabot'] 1 9 12 7 11 8 3 10 2 5 4 6 
144 8 ['Adams'] 9 4 12 1 10 7 6 5 8 3 11 2 
145 1 ['Eliot'] 3 2 8 9 12 7 5 11 10 4 6 1 
146 6 ['Dunster'] 9 12 2 5 1 4 6 3 8 11 10 7 
147 4 ['Leverett'] 4 7 9 2 8 10 5 1 3 11 6 12 
148 2 ['Kirkland'] 4 2 11 6 5 12 8 10 1 3 7 9 
149 1 ['Currier'] 5 11 3 10 1 4 7 8 6 2 9 12 
150 2 ['Quincy'] 12 11 7 6 3 10 4 9 8 2 1 5 
151 8 ['Mather'] 2 5 7 3 12 6 9 8 10 1 11 4 
152 1 ['Leverett'] 11 2 10 3 8 7 12 1 5 9 4 6 
153 7 ['Dunster'] 12 11 10 4 1 2 5 6 3 7 8 9 
154 4 ['Winthrop'] 4 12 11 1 6 5 2 8 7 9 10 3 
155 7 ['Adams'] 12 8 1 11 7 10 2 3 4 5 6 9 
156 8 ['Winthrop'] 11 4 1 3 2 9 6 5 12 8 10 7 
157 8 ['Dunster'] 6 7 5 12 8 4 11 9 3 10 2 1 
158 6 ['Adams'] 3 10 9 8 11 5 4 6 12 1 2 7 
159 6 ['Leverett'] 6 2 12 11 8 5 3 1 10 9 4 7 
160 8 ['Dunster'] 10 3 6 12 7 8 1 4 9 2 11 5 
161 7 ['Leverett'] 11 3 4 2 6 7 5 10 9 8 12 1 
162 7 ['Adams'] 3 1 5 8 2 10 6 7 9 12 11 4 
163 1 ['Currier'] 6 10 2 7 5 3 4 1 11 12 8 9 
164 2 ['Mather'] 7 4 2 10 8 1 11 6 12 5 9 3 
165 2 ['Quincy'] 12 2 11 6 8 5 4 3 10 9 7 1 
166 5 ['Pfoho'] 6 8 2 5 1 7 10 3 4 9 11 12 
167 3 ['Leverett'] 2 6 5 8 12 4 3 7 1 9 10 11 
168 5 ['Leverett'] 5 2 1 11 4 3 7 6 12 9 10 8 
169 2 ['Adams'] 12 6 8 4 2 11 10 1 7 5 3 9 
170 4 ['Dunster'] 4 11 10 7 5 1 9 12 6 8 3 2 
171 7 ['Dunster'] 9 8 5 1 10 11 7 6 12 2 4 3 
172 1 ['Winthrop'] 12 11 4 9 8 1 7 3 10 6 2 5 
173 8 ['Quincy'] 7 6 1 10 12 11 9 4 2 3 8 5 
174 7 ['Mather'] 10 2 12 3 4 1 7 5 8 11 9 6 
175 5 ['Quincy'] 3 9 7 5 11 2 8 4 10 12 1 6 
176 7 ['Mather'] 4 3 6 10 9 8 7 11 12 2 5 1 
177 5 ['Currier'] 4 6 5 1 3 9 12 11 10 7 8 2 
178 3 ['Pfoho'] 5 6 7 8 3 2 9 1 10 12 4 11 
179 8 ['Currier'] 7 1 4 3 5 2 8 10 6 9 12 11 
180 2 ['Lowell'] 6 4 10 8 7 9 1 11 5 3 2 12 
181 3 ['Kirkland'] 1 2 9 12 6 10 8 4 11 3 7 5 
182 3 ['Adams'] 5 1 10 3 7 6 8 12 9 2 4 11 
183 2 ['Lowell'] 4 10 12 8 7 3 9 1 6 2 11 5 
184 7 ['Cabot'] 7 3 11 1 6 5 10 8 12 4 9 2 
185 1 ['Quincy'] 11 4 3 1 6 12 2 5 9 7 8 10 
186 6 ['Currier'] 2 10 12 5 4 8 11 9 6 3 1 7 
187 3 ['Cabot'] 4 12 8 6 2 9 7 3 5 1 10 11 
188 8 ['Adams'] 5 4 9 6 2 3 1 8 12 7 10 11 
189 5 ['Kirkland'] 10 3 8 1 12 9 11 5 4 2 6 7 
190 6 ['Kirkland'] 9 5 11 10 8 2 6 1 3 4 7 12 
191 3 ['Winthrop'] 12 9 2 7 10 4 8 11 6 5 3 1 
192 5 ['Currier'] 11 10 1 2 9 3 6 8 4 12 7 5 
193 3 ['Eliot'] 9 8 7 11 10 5 2 6 3 4 12 1 
194 7 ['Kirkland'] 8 4 12 3 2 9 6 7 10 1 11 5 
195 3 ['Kirkland'] 1 10 4 7 5 11 3 8 6 12 2 9 
196 6 ['Leverett'] 4 3 11 6 2 7 8 1 9 10 5 12 
197 5 ['Winthrop'] 11 12 3 8 4 6 7 9 5 10 1 2 
198 7 ['Mather'] 1 7 12 5 6 8 3 11 4 2 10 9 
199 5 ['Currier'] 12 10 5 3 8 11 4 2 1 6 7 9 
200 1 ['Mather'] 8 2 10 9 7 12 5 3 4 11 1 6 
201 5 ['Kirkland'] 1 4 10 11 12 2 6 3 5 8 9 7 
202 8 ['Lowell'] 3 10 12 7 6 11 2 9 8 1 4 5 
203 1 ['Winthrop'] 3 5 12 9 10 8 6 1 2 11 4 7 
204 1 ['Adams'] 8 7 12 10 2 4 6 9 3 5 11 1 
205 4 ['Leverett'] 8 1 12 3 9 6 2 7 10 11 4 5 
206 4 ['Currier'] 4 9 6 12 5 8 11 2 1 3 10 7 
207 3 ['Cabot'] 11 12 7 8 2 4 10 9 1 6 3 5 
208 8 ['Winthrop'] 4 2 11 3 6 5 10 8 12 9 1 7 
209 3 ['Cabot'] 3 10 2 11 4 5 9 8 6 7 1 12 
210 6 ['Adams'] 11 7 4 8 5 9 3 10 1 12 6 2 
211 2 ['Leverett'] 8 10 12 4 1 6 7 2 9 5 11 3 
212 2 ['Eliot'] 11 4 9 12 10 3 8 2 1 5 6 7 
213 7 ['Mather'] 3 12 2 6 11 4 8 10 9 7 5 1 
214 7 ['Currier'] 3 5 4 10 6 12 9 11 1 2 8 7 
215 5 ['Pfoho'] 12 8 2 3 5 11 9 4 6 7 1 10 
216 2 ['Cabot'] 4 11 10 12 8 1 2 6 7 9 5 3 
217 5 ['Leverett'] 4 8 9 12 7 3 2 11 6 5 10 1 
218 3 ['Kirkland'] 6 5 12 4 2 7 3 10 1 8 9 11 
219 4 ['Mather'] 7 1 3 10 4 8 12 6 2 5 9 11 
220 8 ['Leverett'] 9 10 7 3 4 8 2 1 5 11 12 6 
221 1 ['Adams'] 7 11 12 2 6 8 9 3 4 5 1 10 
222 6 ['Adams'] 4 10 7 5 1 11 9 12 3 2 6 8 
223 8 ['Lowell'] 6 9 8 3 12 7 11 5 1 4 2 10 
224 7 ['Winthrop'] 5 4 7 3 1 2 10 8 11 9 6 12 
225 4 ['Eliot'] 6 11 3 1 12 9 7 2 10 4 5 8 
226 2 ['Mather'] 1 2 4 10 5 6 12 3 7 11 8 9 
227 7 ['Cabot'] 11 1 3 9 4 12 8 6 2 7 5 10 
228 2 ['Adams'] 2 5 4 8 3 12 7 11 10 9 6 1 
229 8 ['Currier'] 8 6 9 2 7 11 4 3 5 12 10 1 
230 6 ['Quincy'] 10 8 5 11 2 7 4 6 9 3 1 12 
231 8 ['Currier'] 12 1 5 3 4 6 10 8 7 11 2 9 
232 6 ['Lowell'] 6 4 12 7 10 5 3 9 2 11 8 1 
233 7 ['Kirkland'] 2 9 12 7 4 5 8 1 6 3 10 11 
234 5 ['Adams'] 2 7 12 11 6 4 8 10 9 1 3 5 
235 8 ['Dunster'] 6 11 12 4 5 7 9 10 3 1 2 8 
236 1 ['Quincy'] 12 9 10 1 7 5 11 4 3 6 8 2 
237 5 ['Dunster'] 2 4 8 12 6 5 7 1 3 10 11 9 
238 5 ['Winthrop'] 4 3 12 2 11 9 6 1 7 5 8 10 
239 7 ['Kirkland'] 9 10 8 7 5 6 3 4 1 12 2 11 
240 7 ['Kirkland'] 11 10 5 12 7 4 3 8 1 9 6 2 
241 7 ['Winthrop'] 6 9 12 11 4 3 2 8 1 5 7 10 
242 5 ['Mather'] 1 2 9 3 4 11 6 12 5 7 10 8 
243 6 ['Eliot'] 10 11 1 8 4 12 6 2 3 9 7 5 
244 8 ['Currier'] 6 10 9 8 4 12 5 11 2 1 3 7 
245 5 ['Pfoho'] 10 5 7 4 8 2 6 1 9 11 12 3 
246 8 ['Adams'] 1 2 9 4 8 10 5 6 11 7 12 3 
247 1 ['Adams'] 1 9 6 8 3 12 10 7 11 2 5 4 
248 7 ['Dunster'] 3 6 5 8 12 7 1 9 10 2 4 11 
249 3 ['Winthrop'] 12 1 9 5 10 2 3 8 6 4 7 11 
250 6 ['Pfoho'] 12 10 2 8 4 6 11 5 7 1 9 3 
251 3 ['Mather'] 2 10 12 1 5 8 4 6 11 9 3 7 
252 7 ['Pfoho'] 9 4 5 11 1 8 7 10 6 2 3 12 
253 8 ['Leverett'] 6 8 7 10 12 3 2 4 5 11 1 9 
254 3 ['Currier'] 12 1 6 10 5 7 8 3 4 9 2 11 
255 4 ['Kirkland'] 1 9 3 4 11 5 12 7 2 8 10 6 
256 4 ['Lowell'] 7 6 10 9 12 3 1 5 8 2 11 4 
257 5 ['Eliot'] 4 1 3 6 7 8 11 10 9 5 12 2 
258 5 ['Lowell'] 4 8 5 7 3 12 2 11 9 10 1 6 
259 4 ['Currier'] 5 11 2 4 10 7 8 9 6 12 1 3 
260 3 ['Leverett'] 5 9 12 6 1 8 2 11 7 10 4 3 
261 7 ['Pfoho'] 9 1 5 11 8 2 3 7 6 12 10 4 
262 4 ['Eliot'] 9 5 8 2 10 7 12 6 11 4 3 1 
263 5 ['Kirkland'] 10 8 11 12 7 6 9 4 3 5 2 1 
264 5 ['Quincy'] 11 9 8 2 10 12 4 5 7 3 6 1 
265 8 ['Eliot'] 7 5 11 9 3 2 8 6 10 1 12 4 
266 5 ['Dunster'] 3 7 10 4 12 1 2 5 8 11 6 9 
267 2 ['Kirkland'] 12 7 9 10 4 11 8 5 3 2 1 6 
268 3 ['Kirkland'] 4 11 1 8 9 10 6 3 12 2 7 5 
269 6 ['Dunster'] 8 7 5 10 1 6 2 11 3 4 9 12 
270 2 ['Quincy'] 9 1 3 8 6 5 11 7 12 4 10 2 
271 5 ['Winthrop'] 7 1 8 6 3 12 9 11 2 10 5 4 
272 1 ['Quincy'] 4 1 11 8 5 7 12 2 10 6 9 3 
273 6 ['Kirkland'] 10 4 12 6 9 5 11 2 7 1 3 8 
274 7 ['Eliot'] 4 2 9 5 10 12 1 7 11 6 8 3 
275 8 ['Adams'] 10 2 7 12 5 8 3 1 11 4 9 6 
276 4 ['Quincy'] 8 11 3 6 2 4 7 1 5 12 10 9 
277 3 ['Mather'] 6 1 7 8 3 5 2 12 10 4 9 11 
278 7 ['Adams'] 6 9 12 11 8 10 4 7 5 1 3 2 
279 2 ['Mather'] 1 10 12 11 8 3 5 7 2 9 6 4 
280 5 ['Mather'] 1 10 11 9 12 4 7 6 2 5 8 3 
281 2 ['Adams'] 11 2 6 5 9 3 1 12 10 4 8 7 
282 8 ['Cabot'] 8 4 2 7 12 1 3 6 10 9 11 5 
283 7 ['Cabot'] 5 2 10 1 3 7 12 9 11 6 4 8 
284 6 ['Quincy'] 1 4 2 7 6 11 9 5 12 8 10 3 
285 2 ['Leverett'] 2 6 10 1 9 7 8 12 11 5 3 4 
286 2 ['Mather'] 7 1 3 8 2 12 9 11 6 10 4 5 
287 5 ['Pfoho'] 4 1 5 9 7 8 2 10 12 11 6 3 
288 6 ['Lowell'] 6 9 11 10 7 3 2 12 1 4 5 8 
289 6 ['Leverett'] 3 6 8 5 11 9 12 7 2 1 4 10 
290 2 ['Pfoho'] 11 1 2 4 3 9 12 6 5 7 8 10 
291 2 ['Mather'] 10 2 11 4 1 7 5 3 12 8 6 9 
292 3 ['Adams'] 8 7 10 3 4 5 2 11 1 12 6 9 
293 5 ['Mather'] 3 6 1 10 8 7 5 9 2 12 4 11 
294 8 ['Eliot'] 9 12 10 7 1 6 11 5 8 4 2 3 
295 5 ['Adams'] 10 6 9 12 1 7 4 5 2 3 11 8 
296 5 ['Currier'] 10 12 9 1 3 7 5 6 11 4 2 8 
297 3 ['Mather'] 4 10 6 5 9 2 12 1 11 7 8 3 
298 7 ['Mather'] 7 3 9 11 6 10 5 1 4 8 2 12 
299 3 ['Currier'] 9 3 11 1 7 10 12 5 8 2 6 4 
300 8 ['Dunster'] 11 9 3 6 1 2 5 7 4 8 12 10 
301 5 ['Pfoho'] 5 6 11 1 2 12 4 10 3 7 9 8 
302 2 ['Winthrop'] 1 5 7 2 4 10 3 8 6 11 12 9 
303 7 ['Leverett'] 7 11 1 6 4 5 10 12 8 2 3 9 
304 1 ['Adams'] 1 3 10 6 4 5 7 11 9 8 2 12 
305 4 ['Kirkland'] 11 5 2 3 8 7 9 10 4 12 6 1 
306 5 ['Quincy'] 2 8 5 9 10 3 11 4 7 1 12 6 
307 1 ['Winthrop'] 7 3 4 5 11 2 10 6 12 8 9 1 
308 2 ['Leverett'] 12 9 8 1 4 5 11 7 2 10 6 3 
309 1 ['Kirkland'] 8 11 9 10 12 1 2 5 7 6 3 4 
310 8 ['Currier'] 10 6 1 8 7 5 12 9 4 3 11 2 
311 7 ['Cabot'] 12 2 5 1 11 10 9 6 8 7 4 3 
312 2 ['Mather'] 9 12 3 6 1 7 11 4 2 5 10 8 
313 5 ['Kirkland'] 2 8 9 11 7 4 6 10 5 1 12 3 
314 3 ['Kirkland'] 6 8 5 2 9 7 10 3 1 4 11 12 
315 3 ['Eliot'] 9 5 1 4 6 10 7 8 11 12 3 2 
316 5 ['Leverett'] 12 6 1 4 5 9 11 7 2 3 10 8 
317 8 ['Dunster'] 12 4 5 8 3 1 7 9 2 10 6 11 
318 4 ['Cabot'] 5 8 7 3 9 4 11 1 10 6 2 12 
319 6 ['Eliot'] 7 8 10 5 6 4 2 12 9 3 1 11 
320 6 ['Winthrop'] 12 10 5 9 7 1 2 8 6 4 11 3 
321 5 ['Adams'] 10 7 9 3 11 12 2 1 8 6 5 4 
322 4 ['Currier'] 4 7 9 8 3 5 12 11 1 6 10 2 
323 5 ['Mather'] 6 4 3 10 5 11 2 1 7 12 9 8 
324 4 ['Quincy'] 5 2 12 10 8 4 6 1 3 7 9 11 
325 7 ['Dunster'] 4 6 7 2 12 9 1 5 11 8 10 3 
326 6 ['Kirkland'] 9 2 12 10 11 4 1 8 7 6 5 3 
327 1 ['Eliot'] 12 8 7 10 2 6 11 1 4 3 5 9 
328 7 ['Pfoho'] 5 4 12 1 11 6 7 2 9 10 3 8 
329 6 ['Quincy'] 8 2 1 11 6 10 12 9 7 3 5 4 
330 2 ['Eliot'] 8 4 2 5 11 6 3 10 12 7 9 1 
331 1 ['Currier'] 9 3 2 10 1 12 8 5 4 6 11 7 
332 7 ['Mather'] 1 8 5 7 2 6 9 4 12 10 3 11 
333 2 ['Dunster'] 10 7 5 6 9 3 11 4 1 12 2 8 
334 6 ['Dunster'] 5 10 11 12 8 7 6 2 3 1 4 9 
335 7 ['Pfoho'] 1 12 9 3 5 8 4 2 7 6 11 10 
336 6 ['Pfoho'] 4 8 12 2 3 7 10 9 6 11 1 5 
337 2 ['Lowell'] 10 7 4 5 2 1 12 11 6 8 3 9 
338 3 ['Leverett'] 11 6 2 4 8 10 5 12 9 3 7 1 
339 1 ['Cabot'] 12 8 2 3 7 1 11 10 9 4 6 5 
340 3 ['Lowell'] 12 10 3 8 5 2 1 7 9 11 4 6 
341 5 ['Leverett'] 4 5 10 9 6 12 11 7 2 3 1 8 
342 4 ['Currier'] 2 12 4 10 7 11 3 9 5 6 1 8 
343 6 ['Winthrop'] 2 10 4 12 11 8 6 7 1 3 5 9 
344 6 ['Leverett'] 10 5 4 3 9 6 7 1 8 2 12 11 
345 4 ['Eliot'] 1 3 7 2 4 5 9 12 8 6 10 11 
346 6 ['Winthrop'] 6 1 8 12 4 3 11 7 10 2 9 5 
347 3 ['Eliot'] 7 5 3 4 11 12 6 9 1 2 10 8 
348 6 ['Mather'] 9 6 7 8 10 5 12 3 1 2 4 11 
349 5 ['Currier'] 2 5 9 6 10 12 11 1 4 7 8 3 
350 3 ['Quincy'] 4 8 9 6 12 5 1 3 7 10 11 2 
351 6 ['Adams'] 9 8 3 7 2 10 12 11 6 5 1 4 
352 8 ['Lowell'] 10 3 4 2 8 5 7 9 12 1 6 11 
353 6 ['Eliot'] 9 2 7 3 1 12 10 4 6 5 11 8 
354 5 ['Pfoho'] 9 3 4 1 10 2 5 12 6 11 7 8 
355 8 ['Quincy'] 12 1 7 8 10 11 5 6 4 2 3 9 
356 1 ['Pfoho'] 6 12 5 11 9 3 10 1 8 7 2 4 
357 2 ['Leverett'] 4 5 7 1 8 12 9 10 3 6 2 11 
358 8 ['Pfoho'] 1 5 9 8 11 3 4 7 2 10 12 6 
359 8 ['Quincy'] 3 11 1 10 7 2 8 5 4 12 9 6 
360 6 ['Winthrop'] 11 3 5 7 10 2 9 12 4 6 8 1 
361 8 ['Dunster'] 12 3 2 4 1 8 9 10 6 5 7 11 
362 6 ['Eliot'] 4 9 5 12 7 6 2 1 10 8 3 11 
363 5 ['Mather'] 2 8 6 10 12 1 9 3 7 4 11 5 
364 5 ['Lowell'] 11 5 4 1 7 3 10 8 9 2 6 12 
365 6 ['Lowell'] 6 5 4 7 12 10 11 8 2 1 3 9 
366 8 ['Kirkland'] 12 9 7 3 8 4 2 10 5 6 11 1 
367 7 ['Currier'] 2 5 12 4 9 8 7 1 10 11 6 3 
368 1 ['Eliot'] 11 10 9 1 4 3 12 2 5 8 7 6 
369 7 ['Leverett'] 10 9 6 11 7 1 3 2 12 8 5 4 
370 6 ['Adams'] 11 6 8 5 1 3 7 2 4 10 9 12 
371 1 ['Mather'] 10 11 4 1 3 9 5 6 12 8 2 7 
372 3 ['Leverett'] 10 5 12 6 8 2 3 11 4 1 7 9 
373 4 ['Winthrop'] 4 8 5 9 1 7 12 11 3 6 2 10 
374 5 ['Quincy'] 1 2 4 9 8 6 7 10 3 11 12 5 
375 6 ['Quincy'] 5 11 6 7 3 2 12 1 8 10 9 4 
376 1 ['Cabot'] 1 5 6 12 3 11 4 9 7 2 8 10 
377 1 ['Winthrop'] 3 9 8 11 4 1 7 2 6 5 10 12 
378 1 ['Cabot'] 9 11 10 5 2 3 8 4 7 6 12 1 
379 3 ['Currier'] 8 4 12 10 5 9 2 3 1 6 7 11 
380 8 ['Quincy'] 5 12 1 11 8 6 3 2 7 9 4 10 
381 8 ['Leverett'] 2 7 4 11 12 1 8 6 5 9 3 10 
382 5 ['Leverett'] 12 10 7 4 6 3 9 8 1 5 11 2 
383 7 ['Currier'] 6 7 5 4 3 8 1 2 10 9 11 12 
384 7 ['Dunster'] 10 2 3 4 5 12 11 8 9 6 7 1 
385 5 ['Lowell'] 6 4 12 7 1 9 11 10 2 5 3 8 
386 4 ['Dunster'] 12 5 2 9 7 6 1 8 3 11 4 10 
387 8 ['Dunster'] 9 1 5 12 10 11 6 3 2 8 4 7 
388 7 ['Lowell'] 12 11 1 2 8 10 9 3 6 5 7 4 
389 5 ['Lowell'] 3 9 11 5 10 8 6 2 1 12 4 7 
390 2 ['Currier'] 1 11 7 4 5 8 9 2 3 6 10 12 
391 1 ['Quincy'] 4 8 5 6 2 11 3 9 12 1 10 7 
392 4 ['Dunster'] 3 6 8 10 2 4 7 9 11 5 12 1 
393 6 ['Lowell'] 10 9 6 7 2 4 5 1 3 12 11 8 
394 3 ['Pfoho'] 7 8 6 12 9 1 3 10 11 4 5 2 
395 4 ['Pfoho'] 8 2 12 5 1 7 11 10 9 3 6 4 
396 2 ['Currier'] 8 2 10 6 4 5 7 12 9 11 3 1 
397 7 ['Leverett'] 11 7 10 5 1 12 8 4 9 3 6 2 
398 8 ['Adams'] 3 7 9 12 2 1 8 10 5 4 6 11 
399 8 ['Cabot'] 10 5 3 1 8 11 9 12 6 2 4 7 
