0 2 Cabot 8 11 2 9 6 1 12 5 10 4 7 3 
1 7 Mather 6 5 8 12 10 3 1 4 9 2 11 7 
2 3 Dunster 4 8 12 7 3 11 5 10 1 6 2 9 
3 5 Winthrop 5 10 9 12 8 2 1 3 4 11 6 7 
4 6 Adams 4 1 5 10 8 6 12 11 9 2 7 3 
5 8 Leverett 11 9 8 7 5 4 6 10 2 12 1 3 
6 3 Leverett 3 2 8 7 10 6 1 4 5 9 11 12 
7 5 Winthrop 2 4 5 1 7 10 6 11 9 3 12 8 
8 7 Mather 3 8 10 5 7 2 1 9 11 4 6 12 
9 1 Lowell 3 1 6 11 2 8 7 10 5 12 9 4 
10 6 Lowell 2 8 4 5 12 1 6 11 9 7 3 10 
11 8 Lowell 11 12 7 9 4 2 3 8 5 6 10 1 
12 8 Dunster 9 11 12 3 6 1 8 4 10 5 2 7 
13 4 Quincy 12 1 4 11 3 5 10 9 6 8 7 2 
14 3 Leverett 3 2 6 4 5 11 12 10 1 9 7 8 
15 6 Pfoho 5 9 10 11 1 3 4 6 8 7 2 12 
16 8 Quincy 4 11 5 12 8 10 2 9 6 3 1 7 
17 2 Dunster 12 3 11 6 9 1 5 2 7 8 4 10 
18 6 Currier 5 7 1 9 11 12 2 4 3 10 6 8 
19 8 Mather 6 11 8 1 10 5 12 2 9 7 3 4 
20 7 Cabot 6 7 2 5 10 11 1 3 9 8 12 4 
21 4 Leverett 10 7 2 8 12 3 11 6 5 9 1 4 
22 5 Leverett 8 5 3 10 2 7 1 12 11 6 4 9 
23 6 Kirkland 2 6 7 10 1 12 4 8 11 9 3 5 
24 2 Eliot 8 6 1 11 9 7 3 12 10 4 5 2 
25 5 Cabot 12 1 4 5 10 7 3 9 11 8 2 6 
26 7 Leverett 5 6 7 9 3 2 8 10 11 4 12 1 
27 5 Currier 4 2 10 12 7 11 9 8 1 6 5 3 
28 8 Dunster 5 2 3 1 4 12 6 8 11 7 9 10 
29 2 Lowell 8 4 3 9 2 1 10 6 12 5 11 7 
30 6 Kirkland 6 11 9 3 8 1 10 5 12 7 4 2 
31 7 Cabot 5 6 4 9 11 1 3 12 7 10 8 2 
32 5 Kirkland 6 11 4 8 9 5 7 2 3 10 1 12 
33 5 Leverett 4 7 9 12 3 1 2 5 10 11 6 8 
34 6 Mather 2 3 1 12 8 7 5 9 11 10 6 4 
35 1 Quincy 2 1 6 9 5 7 4 11 12 10 8 3 
36 1 Adams 10 11 2 4 6 7 3 8 9 1 5 12 
37 3 Mather 2 9 8 4 10 7 12 1 3 5 6 11 
38 3 Currier 5 8 2 1 4 6 7 10 12 3 11 9 
39 1 Lowell 5 10 12 8 4 2 6 3 11 1 7 9 
40 4 Dunster 12 2 6 11 8 7 3 4 5 9 10 1 
41 7 Cabot 9 8 12 2 6 3 4 1 11 5 10 7 
42 7 Pfoho 2 1 9 8 12 5 10 3 6 11 4 7 
43 8 Kirkland 11 3 10 5 6 1 7 9 12 2 8 4 
44 8 Lowell 3 10 7 6 9 1 2 4 11 5 8 12 
45 2 Leverett 8 7 12 11 9 1 3 4 2 10 5 6 
46 7 Lowell 12 4 8 10 5 3 6 11 2 7 9 1 
47 4 Cabot 10 2 7 6 9 12 5 8 4 1 11 3 
48 1 Eliot 3 10 9 1 4 2 12 11 7 5 8 6 
49 5 Pfoho 2 6 4 5 3 8 9 12 10 11 7 1 
50 3 Currier 3 7 6 2 4 12 11 1 8 9 5 10 
51 2 Lowell 7 1 4 12 3 10 8 2 5 11 6 9 
52 2 Kirkland 5 2 8 4 7 11 12 3 6 9 10 1 
53 4 Pfoho 4 11 12 7 8 2 3 6 10 5 9 1 
54 1 Lowell 9 3 8 11 4 10 5 6 12 2 7 1 
55 6 Dunster 1 11 6 12 2 7 3 4 5 8 10 9 
56 2 Mather 9 2 8 6 11 5 1 7 12 3 10 4 
57 3 Mather 11 10 4 2 12 6 7 3 1 9 8 5 
58 1 Dunster 8 6 11 2 7 10 1 4 12 9 3 5 
59 6 Eliot 5 2 8 11 1 6 12 3 7 10 4 9 
60 6 Adams 9 8 3 6 5 4 12 10 2 7 1 11 
61 6 Adams 5 7 1 10 3 4 8 6 11 2 12 9 
62 7 Kirkland 6 8 2 3 1 10 11 12 4 9 5 7 
63 5 Quincy 10 9 11 5 3 1 7 12 6 8 2 4 
64 4 Pfoho 6 12 3 8 9 10 2 5 4 11 7 1 
65 6 Currier 4 1 7 8 5 12 11 6 9 2 10 3 
66 7 Currier 12 3 11 6 8 7 1 4 5 9 10 2 
67 1 Winthrop 1 3 9 12 5 6 11 8 10 4 7 2 
68 3 Eliot 10 1 12 3 5 6 2 4 11 9 7 8 
69 6 Dunster 11 5 2 7 4 10 1 8 12 9 3 6 
70 1 Mather 5 12 11 3 1 7 10 4 8 2 9 6 
71 6 Leverett 12 6 11 2 3 7 8 1 10 4 9 5 
72 3 Lowell 4 9 8 10 6 11 1 5 2 3 12 7 
73 6 Mather 3 10 9 1 4 5 8 6 7 11 2 12 
74 2 Leverett 9 8 4 7 11 1 12 3 6 5 2 10 
75 2 Lowell 7 9 4 12 6 11 10 1 5 8 2 3 
76 7 Kirkland 11 3 12 8 9 10 5 1 6 2 7 4 
77 4 Currier 9 1 5 12 2 11 8 4 3 7 10 6 
78 3 Pfoho 2 8 3 1 11 12 7 9 5 6 10 4 
79 3 Eliot 2 10 6 5 8 1 9 4 3 12 11 7 
80 2 Adams 12 11 3 4 8 2 1 10 9 6 5 7 
81 5 Dunster 12 9 8 2 11 6 3 7 5 10 1 4 
82 5 Mather 7 8 5 3 4 10 6 11 1 12 2 9 
83 5 Leverett 2 8 1 12 3 7 9 4 6 11 10 5 
84 8 Mather 2 1 7 10 5 8 11 4 6 9 12 3 
85 3 Adams 11 3 1 8 10 5 4 2 12 9 7 6 
86 3 Winthrop 2 11 9 7 1 5 8 6 10 3 4 12 
87 8 Quincy 7 4 6 5 11 9 1 8 12 3 10 2 
88 1 Dunster 9 10 6 8 3 1 4 11 5 2 7 12 
89 7 Currier 10 3 7 11 1 5 6 12 4 2 8 9 
90 6 Quincy 7 2 9 5 3 4 8 1 12 11 6 10 
91 3 Kirkland 3 8 12 9 5 6 1 7 10 4 11 2 
92 1 Eliot 12 11 7 9 4 8 3 2 5 10 1 6 
93 7 Eliot 5 3 7 4 12 9 11 10 6 2 8 1 
94 5 Lowell 4 7 11 2 8 12 6 10 5 3 1 9 
95 5 Currier 2 3 1 11 7 8 4 10 6 12 9 5 
96 1 Pfoho 2 11 9 3 4 6 10 7 12 8 5 1 
97 5 Currier 8 12 10 7 4 9 6 1 5 3 11 2 
98 7 Adams 7 1 6 2 9 5 3 8 4 12 10 11 
99 8 Lowell 7 6 1 12 5 9 8 2 3 4 10 11 
100 1 Mather 1 4 5 11 8 2 12 6 3 7 10 9 
101 7 Mather 11 8 6 3 10 2 7 9 12 1 5 4 
102 5 Currier 3 8 7 5 9 11 10 2 1 4 12 6 
103 6 Winthrop 4 5 11 12 7 10 9 1 8 2 6 3 
104 1 Mather 1 12 3 4 9 6 5 7 10 2 11 8 
105 8 Currier 10 1 5 11 7 4 8 6 2 3 12 9 
106 3 Pfoho 2 12 9 8 1 11 7 6 4 5 3 10 
107 4 Quincy 5 2 3 4 1 7 8 10 9 6 12 11 
108 1 Kirkland 10 6 12 8 11 7 5 9 4 1 2 3 
109 5 Leverett 11 6 12 1 4 9 7 10 2 5 8 3 
110 5 Dunster 1 12 2 9 5 6 7 3 10 11 4 8 
111 3 Lowell 4 2 3 5 1 7 11 9 10 12 6 8 
112 8 Quincy 12 8 9 6 2 1 3 10 4 7 5 11 
113 4 Currier 6 4 1 10 5 11 12 3 9 7 2 8 
114 3 Pfoho 5 3 9 8 7 12 6 2 10 4 1 11 
115 3 Cabot 7 4 6 3 12 8 11 5 1 9 10 2 
116 4 Mather 7 12 10 5 2 9 6 3 11 1 8 4 
117 2 Leverett 6 2 8 4 9 1 11 10 5 12 7 3 
118 7 Cabot 1 12 11 10 7 4 5 6 8 2 3 9 
119 6 Leverett 1 3 7 9 10 6 2 4 11 5 12 8 
120 2 Winthrop 4 1 8 12 2 5 9 6 3 10 11 7 
121 2 Quincy 8 12 4 10 7 11 6 5 2 1 9 3 
122 1 Kirkland 11 5 7 4 6 8 2 9 1 3 10 12 
123 5 Lowell 10 5 2 12 11 1 4 3 8 7 9 6 
124 5 Quincy 3 2 11 4 5 12 7 9 1 8 10 6 
125 5 Dunster 11 1 5 9 12 6 7 4 8 2 10 3 
126 3 Cabot 8 3 7 12 10 6 11 1 9 2 5 4 
127 3 Cabot 7 12 11 2 4 5 1 9 6 3 10 8 
128 4 Leverett 7 12 9 1 11 2 3 8 4 6 10 5 
129 8 Pfoho 3 12 11 10 9 5 6 8 2 1 7 4 
130 6 Winthrop 10 9 6 2 12 3 5 8 1 11 4 7 
131 7 Mather 7 8 3 11 6 4 12 1 5 10 9 2 
132 4 Adams 6 5 4 8 1 11 2 3 7 10 9 12 
133 4 Quincy 6 5 9 8 2 12 4 11 10 3 1 7 
134 4 Kirkland 8 10 3 5 1 2 4 12 9 6 7 11 
135 8 Adams 10 9 1 5 3 11 2 7 6 4 12 8 
136 1 Leverett 3 5 4 1 6 10 2 7 12 9 8 11 
137 1 Dunster 6 11 3 9 10 1 8 12 4 2 5 7 
138 6 Dunster 1 5 11 8 6 2 3 10 4 7 9 12 
139 8 Adams 11 3 4 6 9 12 1 7 8 5 10 2 
140 6 Cabot 7 12 2 3 4 11 6 1 8 5 9 10 
141 6 Currier 10 2 3 5 12 1 4 7 11 8 6 9 
142 7 Lowell 1 10 2 8 7 3 11 6 9 5 12 4 
143 3 Winthrop 8 1 3 9 4 12 10 5 2 7 6 11 
144 8 Cabot 6 11 1 3 4 9 5 12 10 8 7 2 
145 8 Quincy 3 2 9 11 4 12 7 8 1 6 5 10 
146 5 Quincy 1 2 12 4 8 10 6 11 7 3 9 5 
147 5 Cabot 5 10 3 12 11 9 6 1 7 2 8 4 
148 5 Cabot 6 3 2 7 1 8 10 4 12 5 9 11 
149 3 Winthrop 3 6 9 8 10 11 12 1 2 4 7 5 
