0 5 ['Eliot'] 4 2 5 3 10 6 12 8 9 1 11 7 
1 5 ['Pfoho'] 6 2 3 12 8 5 9 4 7 10 1 11 
2 5 ['Winthrop'] 7 5 1 12 4 9 11 2 6 10 3 8 
3 5 ['Lowell'] 12 8 5 10 4 2 11 9 7 6 3 1 
4 3 ['Adams'] 8 12 11 3 10 6 9 7 2 5 1 4 
5 2 ['Currier'] 8 12 11 1 5 3 6 7 2 9 10 4 
6 4 ['Mather'] 2 10 11 8 3 1 4 5 12 6 7 9 
7 8 ['Eliot'] 7 11 4 9 12 6 5 8 10 3 2 1 
8 4 ['Kirkland'] 4 7 10 9 3 5 2 12 11 1 8 6 
9 6 ['Winthrop'] 4 8 10 2 3 6 5 7 12 11 1 9 
10 1 ['Quincy'] 5 2 6 8 9 1 3 10 4 7 12 11 
11 1 ['Mather'] 1 6 10 3 2 5 4 9 12 11 7 8 
12 3 ['Mather'] 1 11 6 10 7 9 3 2 12 8 4 5 
13 4 ['Quincy'] 3 12 10 4 9 1 8 5 11 6 7 2 
14 8 ['Adams'] 2 3 6 12 11 8 10 1 9 5 4 7 
15 1 ['Quincy'] 4 10 5 6 7 11 1 9 3 2 12 8 
16 1 ['Adams'] 11 10 1 6 9 7 4 12 2 5 8 3 
17 3 ['Lowell'] 7 11 12 4 1 8 10 9 2 5 3 6 
18 5 ['Quincy'] 9 12 3 1 8 4 5 2 6 7 10 11 
19 3 ['Pfoho'] 10 11 5 9 6 3 7 1 2 4 8 12 
20 7 ['Currier'] 4 11 10 6 8 5 9 2 3 12 7 1 
21 8 ['Kirkland'] 8 5 1 2 9 12 3 11 7 10 6 4 
22 8 ['Currier'] 8 10 4 3 5 2 12 1 6 7 11 9 
23 7 ['Quincy'] 5 3 12 6 2 9 8 10 4 7 1 11 
24 4 ['Currier'] 10 3 12 6 9 8 1 2 5 4 11 7 
25 3 ['Leverett'] 8 3 4 1 9 7 12 10 5 6 11 2 
26 7 ['Leverett'] 1 9 2 6 7 4 3 8 11 5 12 10 
27 2 ['Lowell'] 1 12 6 8 4 2 7 3 5 10 9 11 
28 1 ['Leverett'] 10 7 9 2 5 4 11 1 8 6 12 3 
29 2 ['Lowell'] 1 4 3 8 7 12 9 11 2 10 6 5 
30 1 ['Dunster'] 7 11 3 1 10 6 4 9 2 12 5 8 
31 3 ['Adams'] 4 9 5 2 10 8 6 11 1 3 7 12 
32 2 ['Kirkland'] 1 7 9 4 10 12 11 5 6 3 8 2 
33 7 ['Dunster'] 7 10 1 5 12 9 4 11 8 6 2 3 
34 4 ['Winthrop'] 7 12 9 10 8 3 11 2 4 5 6 1 
35 6 ['Quincy'] 4 6 8 2 5 10 12 9 11 7 1 3 
36 3 ['Eliot'] 7 2 9 8 11 3 1 4 10 12 6 5 
37 2 ['Eliot'] 11 1 5 9 2 10 3 7 4 12 8 6 
38 4 ['Pfoho'] 7 12 5 9 1 4 8 11 10 3 2 6 
39 4 ['Kirkland'] 2 12 7 11 5 6 9 1 10 3 4 8 
40 7 ['Eliot'] 9 6 1 4 2 8 10 12 7 11 5 3 
41 1 ['Quincy'] 4 12 9 5 3 2 10 6 1 11 7 8 
42 1 ['Kirkland'] 12 5 8 2 3 9 11 7 6 10 4 1 
43 7 ['Mather'] 1 7 2 11 3 10 8 12 4 9 6 5 
44 4 ['Mather'] 8 5 9 6 12 2 11 7 10 4 3 1 
45 8 ['Dunster'] 1 2 6 9 4 8 7 5 3 11 12 10 
46 8 ['Quincy'] 8 2 6 4 11 5 9 12 10 1 3 7 
47 2 ['Lowell'] 9 5 1 12 11 2 4 10 7 8 6 3 
48 7 ['Dunster'] 1 9 6 2 8 11 7 5 3 10 4 12 
49 2 ['Kirkland'] 4 9 3 7 10 12 11 1 2 8 6 5 
50 5 ['Lowell'] 5 3 4 6 2 12 9 1 10 8 11 7 
51 8 ['Quincy'] 9 7 10 1 3 5 2 8 12 6 4 11 
52 7 ['Kirkland'] 5 6 10 12 8 9 1 3 4 2 11 7 
53 6 ['Cabot'] 1 10 5 8 4 3 6 2 11 12 9 7 
54 7 ['Pfoho'] 12 4 3 7 11 9 8 1 2 6 10 5 
55 4 ['Winthrop'] 4 3 2 1 12 7 11 10 6 5 9 8 
56 8 ['Eliot'] 6 9 12 1 7 5 3 8 2 4 10 11 
57 4 ['Eliot'] 6 11 8 7 12 3 10 4 9 5 1 2 
58 3 ['Winthrop'] 12 4 6 1 9 11 5 8 2 10 3 7 
59 3 ['Quincy'] 6 10 5 11 12 9 7 2 3 1 8 4 
60 1 ['Currier'] 5 9 4 2 6 7 12 10 11 1 8 3 
61 6 ['Kirkland'] 2 1 4 5 6 8 12 10 11 9 7 3 
62 2 ['Currier'] 3 12 4 5 7 9 6 2 10 1 8 11 
63 8 ['Mather'] 1 4 10 11 3 5 7 8 6 2 9 12 
64 7 ['Quincy'] 7 5 11 6 9 12 8 4 2 10 1 3 
65 8 ['Quincy'] 6 4 11 7 5 8 1 9 3 2 10 12 
66 8 ['Dunster'] 3 2 6 9 5 7 10 4 12 8 1 11 
67 4 ['Kirkland'] 2 6 10 11 1 9 12 7 4 5 3 8 
68 5 ['Lowell'] 10 5 1 9 2 7 4 6 3 12 11 8 
69 1 ['Adams'] 12 5 4 9 11 1 7 2 6 10 3 8 
70 7 ['Pfoho'] 10 12 1 9 11 2 3 5 4 8 6 7 
71 3 ['Kirkland'] 6 1 2 4 8 5 11 3 12 9 10 7 
72 4 ['Cabot'] 2 12 6 11 5 10 9 3 4 8 7 1 
73 3 ['Cabot'] 2 5 10 12 9 3 6 4 11 7 8 1 
74 4 ['Kirkland'] 10 4 6 5 8 7 11 1 3 2 9 12 
75 4 ['Adams'] 9 6 1 12 7 2 4 5 11 8 10 3 
76 8 ['Currier'] 11 4 6 10 5 3 9 1 2 8 12 7 
77 3 ['Leverett'] 4 7 9 2 11 10 1 3 5 12 6 8 
78 1 ['Lowell'] 7 9 11 10 3 12 4 2 8 6 5 1 
79 1 ['Lowell'] 6 10 7 11 12 3 2 8 4 9 5 1 
80 8 ['Winthrop'] 12 10 1 3 7 4 11 5 6 8 2 9 
81 2 ['Kirkland'] 4 7 11 6 3 2 9 10 1 8 5 12 
82 1 ['Kirkland'] 3 1 12 5 8 7 4 9 10 6 11 2 
83 1 ['Quincy'] 2 10 11 1 6 12 3 4 5 9 7 8 
84 2 ['Dunster'] 5 4 1 12 11 8 6 3 7 2 10 9 
85 2 ['Adams'] 6 7 3 4 9 10 5 11 8 1 2 12 
86 4 ['Lowell'] 3 2 7 11 12 6 8 1 5 9 4 10 
87 6 ['Adams'] 11 4 12 2 10 6 1 8 3 7 5 9 
88 7 ['Dunster'] 8 3 7 12 6 5 10 1 2 4 11 9 
89 1 ['Lowell'] 12 4 8 7 11 3 6 5 2 1 9 10 
90 5 ['Currier'] 3 1 8 2 5 9 7 10 6 4 12 11 
91 8 ['Winthrop'] 10 3 4 11 12 6 8 9 1 5 2 7 
92 4 ['Pfoho'] 12 4 3 10 7 11 9 2 5 6 1 8 
93 3 ['Lowell'] 10 11 5 12 1 7 2 8 3 6 9 4 
94 2 ['Winthrop'] 5 10 2 7 6 1 8 4 11 3 9 12 
95 2 ['Eliot'] 5 4 10 7 11 8 2 12 1 6 9 3 
96 6 ['Lowell'] 10 12 11 4 2 6 3 1 9 7 8 5 
97 8 ['Eliot'] 2 11 10 6 3 7 1 9 12 4 5 8 
98 4 ['Adams'] 2 6 5 8 11 10 12 9 1 3 4 7 
99 3 ['Quincy'] 8 7 10 2 1 12 6 9 11 3 4 5 
100 4 ['Quincy'] 12 9 10 4 2 5 7 6 3 8 11 1 
101 4 ['Dunster'] 3 7 4 9 1 12 10 2 8 6 11 5 
102 2 ['Pfoho'] 10 3 2 12 1 6 9 8 11 7 4 5 
103 7 ['Eliot'] 4 3 2 9 12 6 1 8 10 5 11 7 
104 7 ['Kirkland'] 11 5 1 6 3 7 4 9 8 10 2 12 
105 6 ['Mather'] 9 1 5 6 7 10 8 11 2 4 3 12 
106 1 ['Kirkland'] 7 6 2 4 12 3 11 8 9 10 1 5 
107 7 ['Eliot'] 6 5 3 11 2 1 12 4 7 10 8 9 
108 1 ['Mather'] 11 12 4 8 9 6 10 2 7 1 5 3 
109 6 ['Eliot'] 11 1 4 3 7 9 12 5 8 10 2 6 
110 4 ['Currier'] 4 11 8 3 6 7 1 12 9 5 10 2 
111 3 ['Kirkland'] 2 5 12 10 9 3 11 8 6 7 1 4 
112 8 ['Lowell'] 2 3 7 1 12 10 5 11 8 9 4 6 
113 4 ['Lowell'] 1 10 4 8 6 3 7 2 5 12 11 9 
114 3 ['Dunster'] 1 7 11 3 8 9 4 5 2 10 12 6 
115 4 ['Pfoho'] 11 1 12 4 8 7 9 10 2 5 3 6 
116 2 ['Adams'] 8 12 11 3 2 6 4 5 7 9 10 1 
117 5 ['Mather'] 5 8 3 10 12 2 1 6 7 11 9 4 
118 2 ['Kirkland'] 6 2 5 4 1 3 12 10 7 8 11 9 
119 4 ['Mather'] 5 10 2 3 8 4 6 9 7 1 11 12 
120 4 ['Dunster'] 9 12 2 3 6 8 7 1 4 10 11 5 
121 1 ['Dunster'] 3 2 5 1 6 12 8 10 4 9 11 7 
122 3 ['Winthrop'] 1 11 5 3 6 2 10 12 8 9 4 7 
123 6 ['Leverett'] 6 8 2 10 1 11 9 7 3 4 12 5 
124 8 ['Kirkland'] 7 12 2 6 3 1 9 8 10 5 4 11 
125 1 ['Adams'] 1 2 12 7 8 4 6 10 9 5 3 11 
126 8 ['Winthrop'] 5 6 12 3 1 7 8 9 11 4 10 2 
127 4 ['Cabot'] 8 6 10 2 4 1 5 11 3 9 12 7 
128 6 ['Mather'] 5 12 1 6 10 2 8 9 4 7 3 11 
129 7 ['Dunster'] 4 8 6 1 10 5 3 7 9 2 11 12 
130 5 ['Quincy'] 3 10 11 6 1 2 7 5 9 4 8 12 
131 4 ['Cabot'] 11 1 10 7 5 8 4 12 9 3 6 2 
132 5 ['Winthrop'] 4 8 3 9 12 11 1 5 2 7 6 10 
133 8 ['Lowell'] 1 8 6 9 4 2 12 11 10 5 3 7 
134 8 ['Leverett'] 11 4 12 6 5 3 9 8 7 2 10 1 
135 6 ['Cabot'] 1 10 8 11 3 12 7 9 4 5 6 2 
136 4 ['Currier'] 9 1 12 11 6 7 10 3 2 5 4 8 
137 3 ['Currier'] 11 6 5 3 8 1 12 2 10 9 4 7 
138 2 ['Cabot'] 4 2 1 12 11 10 6 5 7 3 9 8 
139 1 ['Lowell'] 1 5 9 12 8 11 7 2 10 4 3 6 
140 4 ['Pfoho'] 7 11 1 6 12 2 3 8 9 4 5 10 
141 1 ['Cabot'] 5 12 6 7 4 1 10 8 3 2 11 9 
142 3 ['Quincy'] 5 1 4 7 10 8 11 9 6 3 2 12 
143 4 ['Quincy'] 3 7 11 6 9 5 2 8 4 12 10 1 
144 6 ['Currier'] 11 5 8 1 2 3 9 7 12 4 6 10 
145 1 ['Lowell'] 8 1 6 4 11 12 9 5 3 10 7 2 
146 3 ['Winthrop'] 8 4 10 7 6 9 11 3 2 1 12 5 
147 4 ['Adams'] 10 5 4 3 11 2 9 1 7 12 8 6 
148 8 ['Currier'] 10 4 7 6 1 8 9 5 11 2 12 3 
149 2 ['Eliot'] 11 12 9 2 4 7 6 3 5 8 10 1 
150 4 ['Currier'] 9 8 4 12 3 2 1 10 11 7 5 6 
151 4 ['Adams'] 3 7 5 1 2 11 6 9 10 4 12 8 
152 3 ['Mather'] 8 5 2 9 12 6 7 1 4 10 11 3 
153 2 ['Eliot'] 7 4 10 3 2 9 6 5 11 12 8 1 
154 7 ['Cabot'] 3 1 9 11 12 7 5 10 2 4 6 8 
155 3 ['Pfoho'] 7 3 6 5 8 1 9 11 2 4 10 12 
156 7 ['Quincy'] 3 1 9 12 7 6 11 2 5 10 8 4 
157 7 ['Adams'] 9 3 10 5 1 8 2 4 7 11 12 6 
158 1 ['Leverett'] 8 2 6 5 11 7 10 12 3 1 4 9 
159 1 ['Dunster'] 7 3 6 8 1 4 11 10 5 2 9 12 
160 4 ['Leverett'] 8 4 6 9 2 7 1 11 12 3 5 10 
161 2 ['Quincy'] 9 7 11 12 10 5 1 3 4 2 8 6 
162 2 ['Mather'] 1 11 10 9 3 5 8 12 6 2 4 7 
163 4 ['Eliot'] 6 12 9 1 2 3 5 4 11 7 10 8 
164 4 ['Pfoho'] 11 2 7 4 10 6 12 1 3 9 8 5 
165 2 ['Leverett'] 8 7 1 12 4 2 6 9 10 11 5 3 
166 3 ['Quincy'] 10 4 1 6 5 7 3 9 2 8 12 11 
167 8 ['Eliot'] 1 10 9 12 7 3 11 6 2 4 8 5 
168 3 ['Adams'] 4 9 5 6 2 8 7 3 12 1 11 10 
169 1 ['Eliot'] 11 2 1 4 3 7 10 9 8 6 12 5 
170 5 ['Leverett'] 2 4 6 10 9 5 8 3 11 1 7 12 
171 8 ['Currier'] 10 8 3 4 2 7 6 1 5 12 9 11 
172 7 ['Adams'] 1 5 11 7 12 9 2 4 8 10 6 3 
173 3 ['Mather'] 1 6 9 2 3 12 10 4 5 8 11 7 
174 6 ['Kirkland'] 11 8 10 3 6 9 7 5 2 1 4 12 
175 8 ['Quincy'] 5 2 6 1 11 3 12 8 4 9 7 10 
176 5 ['Kirkland'] 10 4 9 7 3 5 8 6 12 1 11 2 
177 3 ['Kirkland'] 7 2 6 9 1 8 10 11 12 3 5 4 
178 5 ['Kirkland'] 11 1 7 5 2 4 12 10 3 6 9 8 
179 6 ['Winthrop'] 5 10 3 9 7 1 4 6 2 11 12 8 
180 7 ['Currier'] 6 12 11 9 7 4 1 8 2 3 10 5 
181 3 ['Winthrop'] 9 8 11 4 2 5 1 3 6 12 7 10 
182 7 ['Leverett'] 7 10 9 4 3 11 5 6 2 1 12 8 
183 3 ['Leverett'] 11 9 8 3 6 5 2 1 10 4 7 12 
184 4 ['Pfoho'] 1 9 4 11 10 5 7 12 8 2 6 3 
185 5 ['Kirkland'] 6 9 7 8 5 4 3 11 10 2 1 12 
186 6 ['Leverett'] 4 5 9 3 6 8 2 12 7 11 10 1 
187 7 ['Mather'] 2 6 5 10 3 4 9 1 12 8 7 11 
188 7 ['Winthrop'] 8 10 2 11 5 4 7 6 12 9 1 3 
189 8 ['Kirkland'] 8 6 10 2 12 7 1 11 9 5 3 4 
190 5 ['Eliot'] 9 10 11 3 4 8 2 1 7 6 12 5 
191 4 ['Pfoho'] 1 12 3 8 7 9 10 11 6 4 2 5 
192 4 ['Cabot'] 5 7 12 8 6 10 4 1 9 11 3 2 
193 3 ['Eliot'] 9 8 1 3 11 2 4 10 7 6 12 5 
194 8 ['Leverett'] 8 1 11 7 2 3 4 5 12 10 6 9 
195 7 ['Quincy'] 6 3 4 8 2 11 12 7 10 5 1 9 
196 3 ['Dunster'] 9 2 4 7 5 8 10 12 11 1 6 3 
197 2 ['Kirkland'] 6 12 4 11 7 1 3 9 10 8 2 5 
198 3 ['Pfoho'] 1 6 7 4 10 5 11 8 12 3 9 2 
199 2 ['Lowell'] 6 11 8 9 5 2 7 10 12 3 1 4 
200 7 ['Adams'] 4 5 6 8 3 11 7 9 2 1 10 12 
201 6 ['Currier'] 5 8 12 3 1 9 10 7 2 6 4 11 
202 3 ['Mather'] 3 10 4 5 12 11 8 9 7 6 2 1 
203 2 ['Winthrop'] 8 4 11 3 6 5 2 1 12 9 7 10 
204 8 ['Dunster'] 3 7 9 5 2 4 11 10 1 8 12 6 
205 4 ['Currier'] 4 11 8 6 10 12 1 5 7 3 2 9 
206 4 ['Winthrop'] 8 1 5 6 11 12 2 10 9 4 3 7 
207 5 ['Dunster'] 3 4 11 12 7 5 10 6 2 9 1 8 
208 1 ['Winthrop'] 11 6 10 12 9 1 4 7 8 3 2 5 
209 1 ['Adams'] 11 9 4 6 7 5 2 10 8 3 12 1 
210 7 ['Adams'] 12 8 2 11 4 6 9 3 5 7 1 10 
211 2 ['Winthrop'] 2 12 10 6 7 9 4 8 11 1 5 3 
212 8 ['Eliot'] 5 10 3 4 11 9 1 6 8 7 2 12 
213 5 ['Dunster'] 4 9 2 10 5 12 3 8 6 1 11 7 
214 8 ['Leverett'] 10 12 4 6 9 7 1 5 8 11 3 2 
215 4 ['Kirkland'] 5 11 6 8 3 12 9 10 4 2 7 1 
216 1 ['Adams'] 7 4 8 3 12 6 10 1 5 9 11 2 
217 3 ['Mather'] 5 4 1 11 8 7 2 10 12 9 6 3 
218 2 ['Dunster'] 1 12 10 5 7 9 4 3 11 2 8 6 
219 7 ['Pfoho'] 1 5 10 7 4 2 12 8 9 6 3 11 
220 3 ['Lowell'] 6 4 1 5 9 7 10 3 8 12 2 11 
221 7 ['Leverett'] 3 2 4 9 12 8 11 1 7 5 10 6 
222 1 ['Pfoho'] 2 11 8 10 9 3 1 6 5 4 7 12 
223 2 ['Lowell'] 6 10 8 9 12 3 5 2 11 4 7 1 
224 7 ['Lowell'] 11 1 4 9 3 8 10 6 7 12 5 2 
225 7 ['Cabot'] 1 7 6 12 8 3 4 10 2 9 11 5 
226 5 ['Quincy'] 12 8 7 6 3 11 9 5 1 2 10 4 
227 4 ['Lowell'] 1 5 9 10 8 2 4 12 6 7 11 3 
228 6 ['Kirkland'] 10 5 12 3 9 7 8 2 4 6 11 1 
229 4 ['Pfoho'] 6 12 10 2 3 5 4 1 9 7 8 11 
230 7 ['Quincy'] 9 8 10 2 11 7 3 4 12 1 5 6 
231 8 ['Mather'] 10 12 5 1 8 7 2 4 3 11 9 6 
232 4 ['Dunster'] 8 3 12 10 1 9 6 4 5 2 7 11 
233 5 ['Currier'] 11 10 1 4 12 8 3 9 7 5 6 2 
234 1 ['Winthrop'] 6 3 9 8 5 7 4 12 10 11 2 1 
235 6 ['Currier'] 1 3 12 10 4 2 11 7 8 9 6 5 
236 1 ['Eliot'] 6 10 3 2 5 12 9 7 4 8 1 11 
237 3 ['Leverett'] 6 9 11 8 5 3 10 1 12 4 7 2 
238 8 ['Currier'] 2 5 3 4 6 9 10 11 1 7 8 12 
239 1 ['Leverett'] 7 1 10 2 11 5 9 4 6 3 8 12 
240 4 ['Leverett'] 11 8 10 3 12 5 4 1 9 2 7 6 
241 6 ['Leverett'] 6 5 2 4 9 1 3 8 12 11 10 7 
242 2 ['Winthrop'] 8 4 2 10 1 9 7 12 5 11 3 6 
243 1 ['Winthrop'] 1 6 10 2 7 4 3 12 11 9 8 5 
244 5 ['Lowell'] 2 10 12 5 3 1 7 8 4 11 9 6 
245 5 ['Winthrop'] 1 5 6 8 10 9 4 3 11 7 12 2 
246 6 ['Adams'] 3 1 4 10 7 11 8 6 2 5 12 9 
247 3 ['Kirkland'] 2 7 6 12 1 3 8 4 11 5 10 9 
248 2 ['Leverett'] 5 8 2 10 12 6 4 3 7 9 1 11 
249 6 ['Pfoho'] 6 4 7 10 5 12 8 3 9 2 11 1 
250 2 ['Adams'] 7 2 4 5 12 11 9 6 3 1 10 8 
251 6 ['Adams'] 2 11 12 10 7 9 5 6 3 1 4 8 
252 7 ['Winthrop'] 5 12 1 11 8 9 2 7 3 4 10 6 
253 6 ['Pfoho'] 4 11 2 6 5 1 3 7 8 10 9 12 
254 5 ['Eliot'] 7 9 3 8 1 11 5 6 10 2 12 4 
255 8 ['Leverett'] 8 11 5 7 12 4 3 6 1 10 2 9 
256 7 ['Kirkland'] 4 10 8 7 6 9 11 3 12 2 5 1 
257 4 ['Adams'] 6 4 10 1 9 5 2 8 12 11 7 3 
258 2 ['Lowell'] 3 11 10 4 9 1 6 7 12 2 8 5 
259 8 ['Mather'] 9 6 1 12 7 11 2 10 4 8 5 3 
260 1 ['Eliot'] 9 1 2 4 5 7 10 8 12 11 6 3 
261 3 ['Mather'] 4 2 12 11 9 7 3 5 6 1 8 10 
262 3 ['Mather'] 3 12 8 4 9 10 1 7 6 11 2 5 
263 8 ['Lowell'] 1 2 10 6 5 9 3 4 11 12 8 7 
264 3 ['Dunster'] 8 1 10 6 12 4 9 3 2 7 5 11 
265 1 ['Adams'] 8 2 1 4 7 3 9 10 12 11 6 5 
266 3 ['Adams'] 10 8 6 9 4 7 11 5 3 1 2 12 
267 8 ['Winthrop'] 7 4 5 10 9 1 6 8 3 12 2 11 
268 3 ['Quincy'] 9 3 6 12 1 11 2 8 4 7 5 10 
269 6 ['Dunster'] 6 4 1 10 9 12 2 3 11 8 7 5 
270 4 ['Currier'] 11 9 8 1 4 3 10 12 7 6 5 2 
271 1 ['Currier'] 4 7 12 3 8 2 10 5 1 6 9 11 
272 7 ['Cabot'] 2 12 7 4 6 1 8 9 10 11 3 5 
273 2 ['Mather'] 5 8 10 1 4 2 7 11 9 12 6 3 
274 1 ['Pfoho'] 9 1 11 3 10 6 7 5 8 4 2 12 
275 5 ['Eliot'] 7 3 2 1 11 8 4 10 5 12 6 9 
276 4 ['Lowell'] 12 10 7 5 4 11 2 8 1 9 3 6 
277 3 ['Quincy'] 12 11 7 9 6 3 10 2 1 4 5 8 
278 8 ['Quincy'] 2 5 3 10 6 4 11 7 9 1 12 8 
279 3 ['Dunster'] 8 12 3 5 9 7 4 11 1 6 10 2 
280 8 ['Dunster'] 8 6 4 5 1 12 10 2 3 11 7 9 
281 6 ['Quincy'] 7 11 5 1 2 6 9 3 4 12 10 8 
282 3 ['Currier'] 6 12 1 5 3 10 8 4 2 11 7 9 
283 3 ['Quincy'] 1 11 7 10 5 8 4 3 9 2 12 6 
284 7 ['Currier'] 5 4 3 9 1 10 7 12 2 8 11 6 
285 1 ['Cabot'] 4 1 2 10 7 12 5 8 11 9 3 6 
286 7 ['Eliot'] 5 9 10 3 6 2 7 4 12 8 11 1 
287 4 ['Mather'] 5 10 12 11 3 6 1 4 9 8 2 7 
288 1 ['Quincy'] 12 9 10 7 11 2 4 3 1 6 8 5 
289 2 ['Quincy'] 2 1 12 10 5 7 8 11 9 3 6 4 
290 2 ['Eliot'] 3 2 12 7 5 4 10 8 1 11 6 9 
291 6 ['Currier'] 7 4 6 5 9 10 8 12 1 11 2 3 
292 8 ['Winthrop'] 2 5 9 11 4 12 3 7 1 10 6 8 
293 1 ['Leverett'] 4 7 3 2 5 9 6 8 12 1 10 11 
294 6 ['Winthrop'] 10 12 9 2 5 8 1 11 3 7 4 6 
295 3 ['Quincy'] 9 2 10 4 8 1 6 3 11 7 5 12 
296 3 ['Cabot'] 7 8 4 11 1 5 9 6 2 10 12 3 
297 7 ['Pfoho'] 4 1 10 7 12 9 11 5 2 3 8 6 
298 5 ['Dunster'] 2 5 8 4 6 1 12 11 10 3 7 9 
299 7 ['Adams'] 3 4 2 6 10 7 1 11 12 8 5 9 
300 8 ['Cabot'] 7 5 6 3 1 4 2 11 9 12 10 8 
301 2 ['Quincy'] 8 9 12 6 4 1 11 5 3 7 10 2 
302 7 ['Dunster'] 2 11 8 3 6 4 12 1 10 7 9 5 
303 7 ['Winthrop'] 10 7 1 6 3 11 2 8 9 12 4 5 
304 1 ['Currier'] 6 8 1 10 4 7 2 12 9 3 5 11 
305 6 ['Adams'] 11 5 9 6 7 4 3 1 10 8 2 12 
306 5 ['Leverett'] 1 10 11 7 9 8 5 12 2 3 4 6 
307 5 ['Kirkland'] 6 12 5 11 1 8 10 7 3 9 2 4 
308 2 ['Cabot'] 11 10 5 9 3 6 12 4 7 8 1 2 
309 8 ['Pfoho'] 2 3 6 7 4 10 8 1 12 5 9 11 
310 6 ['Kirkland'] 8 1 7 12 9 10 6 4 5 3 2 11 
311 2 ['Lowell'] 4 8 2 9 1 6 10 7 5 11 12 3 
312 4 ['Winthrop'] 1 6 11 9 4 12 7 5 3 2 8 10 
313 5 ['Currier'] 4 12 8 3 2 6 7 9 1 10 5 11 
314 8 ['Adams'] 8 11 10 9 7 1 6 2 3 12 5 4 
315 8 ['Leverett'] 2 8 1 10 9 3 12 6 7 4 11 5 
316 3 ['Currier'] 11 3 1 10 7 5 8 2 4 9 12 6 
317 3 ['Eliot'] 12 10 8 9 6 2 7 11 3 5 1 4 
318 3 ['Quincy'] 3 12 6 8 7 1 4 9 10 5 11 2 
319 1 ['Kirkland'] 6 3 11 1 10 9 12 5 4 2 7 8 
320 2 ['Lowell'] 9 8 1 10 6 4 12 2 3 7 5 11 
321 1 ['Kirkland'] 3 5 10 11 9 1 2 8 4 7 12 6 
322 7 ['Cabot'] 9 12 3 2 6 7 10 4 5 1 11 8 
323 2 ['Dunster'] 12 11 4 9 5 7 1 8 2 3 6 10 
324 6 ['Mather'] 9 12 11 5 10 8 1 3 4 2 7 6 
325 2 ['Adams'] 9 3 1 5 12 10 8 6 4 11 2 7 
326 4 ['Dunster'] 7 11 12 5 3 4 1 8 10 9 6 2 
327 2 ['Mather'] 5 7 9 10 1 11 6 8 12 4 3 2 
328 4 ['Quincy'] 8 11 7 2 9 10 3 1 5 12 6 4 
329 2 ['Pfoho'] 12 4 5 10 8 11 9 2 6 1 3 7 
330 5 ['Kirkland'] 10 9 5 1 12 3 4 6 11 7 2 8 
331 7 ['Dunster'] 12 7 10 2 8 5 6 4 9 11 3 1 
332 8 ['Kirkland'] 6 8 5 9 12 7 10 4 1 2 11 3 
333 4 ['Dunster'] 4 12 1 2 9 10 6 5 7 8 11 3 
334 3 ['Cabot'] 8 3 5 6 10 1 9 11 12 2 4 7 
335 8 ['Lowell'] 11 1 6 5 12 8 7 4 2 9 10 3 
336 5 ['Kirkland'] 2 5 6 12 8 11 4 7 9 3 1 10 
337 7 ['Leverett'] 5 11 10 7 3 8 2 6 12 4 9 1 
338 4 ['Quincy'] 7 9 8 6 1 4 10 11 3 12 5 2 
339 3 ['Mather'] 11 2 4 12 1 5 6 7 8 9 3 10 
340 6 ['Mather'] 6 3 8 7 10 5 11 12 4 2 9 1 
341 2 ['Cabot'] 2 3 10 11 7 9 12 1 5 8 4 6 
342 6 ['Cabot'] 6 11 9 8 7 2 1 5 3 10 4 12 
343 5 ['Lowell'] 3 10 6 5 8 2 11 1 12 9 4 7 
344 5 ['Pfoho'] 11 7 9 4 12 3 2 1 10 8 5 6 
345 4 ['Lowell'] 5 6 3 2 4 9 11 12 8 10 7 1 
346 5 ['Adams'] 2 4 1 9 5 3 8 10 7 12 11 6 
347 7 ['Kirkland'] 8 9 1 7 5 2 4 11 3 10 12 6 
348 6 ['Winthrop'] 3 10 12 7 6 2 4 9 8 5 1 11 
349 4 ['Adams'] 6 11 5 1 9 7 10 3 12 8 2 4 
350 1 ['Mather'] 9 6 11 12 1 4 10 7 5 8 3 2 
351 2 ['Quincy'] 12 4 8 1 7 2 5 9 6 11 3 10 
352 7 ['Dunster'] 12 9 11 3 10 4 2 5 7 8 6 1 
353 6 ['Pfoho'] 10 5 7 1 11 8 2 6 9 4 12 3 
354 1 ['Adams'] 10 8 11 6 2 5 12 4 9 3 7 1 
355 8 ['Pfoho'] 7 8 1 9 6 11 4 3 10 5 12 2 
356 8 ['Pfoho'] 1 10 3 8 9 6 2 11 5 12 7 4 
357 1 ['Quincy'] 10 1 8 9 7 2 4 6 11 3 12 5 
358 3 ['Dunster'] 11 9 6 3 4 2 10 7 8 5 12 1 
359 8 ['Leverett'] 4 5 6 1 12 3 10 11 9 7 8 2 
360 2 ['Cabot'] 6 8 9 10 11 2 1 7 5 4 12 3 
361 7 ['Eliot'] 9 12 8 7 4 6 10 3 11 1 2 5 
362 6 ['Adams'] 11 10 1 8 9 6 3 5 4 12 7 2 
363 5 ['Currier'] 8 10 4 1 9 12 5 11 3 7 6 2 
364 5 ['Winthrop'] 10 4 12 1 11 8 5 3 6 2 9 7 
365 6 ['Mather'] 1 12 11 5 2 7 8 6 3 10 9 4 
366 1 ['Pfoho'] 7 11 10 6 1 2 5 9 4 3 12 8 
367 8 ['Eliot'] 11 7 9 8 12 4 10 1 3 6 2 5 
368 5 ['Lowell'] 12 6 5 3 4 10 2 7 1 9 11 8 
369 3 ['Quincy'] 6 12 10 9 3 11 8 1 5 4 2 7 
370 8 ['Lowell'] 4 1 8 6 10 12 9 3 7 2 5 11 
371 4 ['Eliot'] 3 6 12 4 5 1 9 10 2 8 7 11 
372 7 ['Leverett'] 3 11 4 12 9 2 8 1 6 5 10 7 
373 6 ['Quincy'] 12 3 7 1 5 10 11 4 2 8 6 9 
374 3 ['Dunster'] 11 5 7 12 2 6 8 3 4 10 1 9 
375 1 ['Mather'] 10 12 9 6 5 1 3 7 11 2 4 8 
376 7 ['Leverett'] 8 2 12 10 5 6 1 11 9 7 3 4 
377 3 ['Mather'] 11 6 3 2 4 12 7 8 9 1 5 10 
378 3 ['Mather'] 2 9 3 6 11 4 10 5 1 12 7 8 
379 4 ['Cabot'] 8 4 1 9 11 5 10 2 7 3 12 6 
380 1 ['Eliot'] 3 11 5 4 6 9 12 7 1 2 8 10 
381 6 ['Quincy'] 11 10 9 3 5 8 1 6 7 12 2 4 
382 6 ['Lowell'] 6 8 1 4 2 11 10 5 9 3 7 12 
383 5 ['Mather'] 5 8 11 2 9 7 4 6 1 12 10 3 
384 5 ['Quincy'] 11 7 3 8 5 9 12 10 4 2 6 1 
385 7 ['Cabot'] 9 12 10 1 11 4 2 8 5 6 7 3 
386 2 ['Kirkland'] 2 4 3 7 8 1 11 10 9 6 12 5 
387 8 ['Dunster'] 11 7 10 8 9 1 5 12 2 3 6 4 
388 5 ['Eliot'] 9 10 2 8 3 12 4 11 6 1 5 7 
389 4 ['Lowell'] 9 2 12 1 11 4 3 8 7 6 5 10 
390 3 ['Quincy'] 10 2 11 7 1 8 5 3 6 9 12 4 
391 2 ['Currier'] 10 12 4 2 6 9 7 8 3 1 11 5 
392 1 ['Pfoho'] 7 11 8 6 1 9 12 5 10 4 2 3 
393 6 ['Leverett'] 4 3 6 1 12 9 2 10 5 11 8 7 
394 3 ['Pfoho'] 12 8 3 5 2 10 1 9 6 11 7 4 
395 8 ['Mather'] 11 7 10 5 6 8 3 12 4 1 9 2 
396 7 ['Cabot'] 3 5 8 2 1 10 4 11 6 12 7 9 
397 3 ['Winthrop'] 4 10 12 9 8 11 5 1 7 6 2 3 
398 6 ['Currier'] 11 5 12 6 1 7 4 2 9 8 10 3 
399 8 ['Winthrop'] 9 3 5 4 2 8 12 1 11 7 6 10 
