0 8 Quincy 6 4 8 7 2 5 9 3 10 11 12 1 
1 2 Eliot 7 6 1 4 10 11 9 3 12 8 5 2 
2 2 Currier 11 10 7 5 9 2 3 6 1 12 8 4 
3 7 Leverett 1 10 3 5 9 8 6 12 2 11 7 4 
4 1 Kirkland 5 9 12 2 3 10 11 7 6 4 1 8 
5 5 Cabot 2 8 3 7 9 6 10 4 11 5 1 12 
6 5 Mather 12 11 4 3 7 2 6 5 8 9 1 10 
7 7 Mather 2 9 3 6 5 4 1 10 8 11 12 7 
8 7 Cabot 2 9 12 11 4 1 10 8 6 5 3 7 
9 2 Lowell 4 6 7 8 1 12 11 2 9 10 3 5 
10 4 Winthrop 10 9 5 1 11 8 6 2 7 12 3 4 
11 1 Lowell 3 9 6 5 12 7 2 11 4 10 8 1 
12 5 Adams 1 2 9 12 4 7 8 11 5 10 6 3 
13 7 Currier 12 6 8 1 4 10 2 3 7 5 9 11 
14 3 Eliot 1 9 4 6 12 2 10 11 3 7 5 8 
15 3 Winthrop 9 8 3 11 6 4 10 2 7 1 12 5 
16 3 Winthrop 9 6 11 10 12 2 4 8 5 3 7 1 
17 3 Quincy 2 9 8 11 4 7 10 1 3 5 12 6 
18 4 Cabot 11 9 10 5 3 12 8 6 7 1 4 2 
19 2 Adams 7 10 1 11 2 5 4 3 6 9 8 12 
20 7 Winthrop 8 2 7 5 1 4 6 3 11 9 12 10 
21 3 Adams 6 12 9 11 5 8 10 7 1 4 2 3 
22 3 Leverett 8 9 3 7 11 10 6 4 2 12 1 5 
23 1 Cabot 4 1 5 10 9 3 8 11 12 6 7 2 
24 6 Winthrop 9 1 10 11 5 7 3 2 4 8 6 12 
25 8 Mather 11 4 5 12 3 9 2 10 1 7 6 8 
26 7 Eliot 2 12 9 11 3 5 8 10 7 6 4 1 
27 3 Cabot 10 12 3 11 1 9 2 4 5 7 8 6 
28 7 Cabot 7 10 4 6 12 2 1 8 5 11 3 9 
29 8 Mather 4 3 7 6 11 9 1 10 8 12 5 2 
30 6 Currier 8 3 5 2 7 11 12 4 10 1 6 9 
31 8 Lowell 3 4 7 1 5 2 10 11 9 12 6 8 
32 2 Currier 5 8 10 4 1 11 2 6 7 12 3 9 
33 4 Currier 8 7 5 11 3 1 10 12 9 4 6 2 
34 2 Kirkland 6 1 5 12 4 3 7 9 11 8 2 10 
35 5 Pfoho 11 2 8 7 6 10 9 12 1 4 5 3 
36 2 Mather 7 4 11 9 5 2 3 12 10 8 6 1 
37 4 Lowell 6 4 3 12 8 10 11 2 5 7 1 9 
38 5 Quincy 9 7 1 2 3 4 12 5 8 10 11 6 
39 7 Winthrop 3 1 5 2 8 4 7 12 11 9 6 10 
40 3 Kirkland 1 12 2 6 10 8 11 9 3 7 5 4 
41 1 Leverett 10 12 1 5 6 4 7 11 9 8 3 2 
42 5 Mather 3 5 9 2 6 4 12 7 8 10 11 1 
43 2 Mather 8 1 4 12 9 2 11 7 5 6 3 10 
44 6 Winthrop 1 10 5 2 4 8 9 11 7 6 3 12 
45 2 Eliot 1 5 4 9 11 10 7 3 8 12 2 6 
46 2 Adams 1 12 10 3 9 2 7 11 8 4 5 6 
47 3 Currier 1 7 2 8 6 3 10 12 11 9 4 5 
48 5 Lowell 9 11 1 10 4 7 8 3 12 6 5 2 
49 6 Lowell 9 2 1 3 11 6 12 5 4 10 8 7 
50 6 Kirkland 8 2 9 11 12 5 1 6 10 3 4 7 
51 8 Cabot 2 12 5 4 1 3 9 11 10 6 7 8 
52 2 Cabot 12 8 6 10 5 1 4 11 9 3 2 7 
53 2 Leverett 6 11 7 12 9 1 4 2 10 8 5 3 
54 7 Cabot 2 11 9 5 6 4 8 1 10 12 3 7 
55 6 Pfoho 3 11 5 7 4 12 1 6 8 2 10 9 
56 7 Leverett 3 9 10 8 4 11 7 1 6 12 5 2 
57 3 Quincy 2 5 12 11 10 1 6 3 4 8 9 7 
58 5 Eliot 1 6 4 11 5 10 8 3 12 9 7 2 
59 8 Pfoho 1 11 8 7 5 6 10 9 3 2 4 12 
60 3 Eliot 8 10 11 6 12 7 2 3 9 1 4 5 
61 1 Pfoho 10 1 6 3 5 7 4 2 9 12 11 8 
62 3 Pfoho 5 10 9 7 4 6 1 8 12 3 2 11 
63 4 Leverett 5 4 11 6 7 8 2 10 3 1 9 12 
64 6 Currier 5 4 2 12 7 1 10 3 6 9 8 11 
65 3 Mather 4 10 3 12 2 6 8 9 11 1 5 7 
66 4 Winthrop 10 6 9 1 11 12 8 2 5 7 4 3 
67 7 Quincy 12 7 1 11 2 5 10 6 3 9 8 4 
68 8 Dunster 3 2 1 10 4 11 6 5 12 9 8 7 
69 7 Kirkland 3 7 8 5 11 2 1 9 6 10 4 12 
70 1 Mather 2 3 8 9 7 12 6 11 4 1 5 10 
71 4 Adams 8 5 2 11 6 10 3 1 9 7 4 12 
72 4 Mather 10 8 11 4 6 3 2 9 5 1 12 7 
73 1 Winthrop 5 7 4 6 9 12 2 8 11 3 10 1 
74 2 Currier 3 6 11 2 9 8 1 10 4 7 5 12 
75 2 Quincy 9 11 3 1 8 12 4 6 2 5 7 10 
76 1 Eliot 7 2 1 5 4 9 3 6 10 11 8 12 
77 6 Leverett 3 8 7 12 10 4 9 11 1 2 5 6 
78 6 Eliot 9 11 8 5 1 10 6 4 7 3 12 2 
79 4 Currier 10 8 1 2 7 6 3 11 5 9 4 12 
80 1 Adams 10 7 1 5 12 2 8 4 6 3 9 11 
81 8 Kirkland 10 7 8 5 9 11 1 4 6 3 2 12 
82 1 Adams 7 8 9 4 1 5 11 12 3 6 2 10 
83 5 Pfoho 2 7 8 9 4 12 1 10 5 6 3 11 
84 4 Pfoho 10 3 1 9 5 2 7 12 6 4 8 11 
85 4 Lowell 1 12 7 6 9 10 3 11 8 2 4 5 
86 7 Adams 2 5 7 9 3 11 1 6 8 4 10 12 
87 8 Kirkland 12 7 11 4 10 9 2 8 3 5 1 6 
88 7 Eliot 7 3 5 10 2 1 12 8 11 9 6 4 
89 5 Leverett 10 8 4 3 1 11 7 12 9 2 6 5 
90 7 Adams 3 11 7 1 8 9 2 12 6 10 4 5 
91 7 Kirkland 3 1 4 9 12 2 10 11 7 8 5 6 
92 3 Adams 12 5 8 3 1 11 9 6 4 10 7 2 
93 1 Lowell 2 1 9 7 10 6 4 5 11 3 8 12 
94 7 Kirkland 2 10 3 1 7 6 4 9 5 8 11 12 
95 5 Eliot 9 5 6 12 11 2 8 3 10 7 1 4 
96 1 Dunster 11 2 3 10 7 8 5 4 1 6 12 9 
97 2 Adams 2 10 11 5 6 8 1 4 3 7 12 9 
98 7 Currier 9 8 6 2 7 10 5 3 12 11 1 4 
99 4 Winthrop 11 8 3 10 12 6 7 9 1 2 4 5 
100 2 Lowell 1 10 7 11 8 2 5 12 4 6 3 9 
101 6 Kirkland 4 1 9 11 12 2 5 6 3 7 8 10 
102 6 Kirkland 4 12 10 6 2 9 8 7 5 11 3 1 
103 7 Adams 7 10 8 9 6 1 2 5 11 12 3 4 
104 1 Cabot 3 10 6 2 5 1 12 7 11 8 4 9 
105 4 Currier 9 2 8 6 1 11 5 3 10 12 4 7 
106 4 Pfoho 9 8 4 2 10 5 6 1 12 7 11 3 
107 8 Mather 7 8 12 11 9 3 1 4 10 5 6 2 
108 2 Dunster 11 10 5 9 2 3 8 1 12 6 4 7 
109 6 Dunster 8 7 11 3 2 1 12 5 10 9 4 6 
110 7 Eliot 2 10 6 7 5 12 11 3 8 4 1 9 
111 3 Eliot 9 3 4 8 10 6 2 7 1 5 12 11 
112 5 Kirkland 12 7 11 2 10 4 1 8 5 6 9 3 
113 3 Pfoho 7 4 10 11 2 3 12 9 1 8 5 6 
114 1 Lowell 3 10 8 4 11 7 2 9 12 5 6 1 
115 4 Adams 5 11 2 7 8 9 12 4 1 6 3 10 
116 7 Winthrop 6 2 12 7 3 1 5 11 8 4 10 9 
117 6 Adams 3 10 4 5 11 7 2 9 12 8 6 1 
118 1 Lowell 1 12 6 9 8 4 2 11 3 7 5 10 
119 3 Cabot 9 6 1 5 4 3 12 11 10 7 8 2 
120 3 Dunster 8 4 1 5 7 3 2 9 6 12 10 11 
121 4 Quincy 9 3 8 6 10 11 1 4 12 5 2 7 
122 2 Quincy 10 1 6 2 11 4 7 3 5 9 8 12 
123 7 Kirkland 3 8 12 2 1 9 5 4 11 10 7 6 
124 6 Kirkland 10 8 11 1 7 3 9 2 4 6 5 12 
125 4 Winthrop 8 10 7 6 12 2 4 5 11 3 9 1 
126 1 Pfoho 11 9 10 4 3 1 2 5 6 12 7 8 
127 4 Quincy 10 7 5 2 4 6 9 11 3 12 1 8 
128 5 Mather 5 3 11 1 7 8 12 4 2 9 10 6 
129 6 Winthrop 8 11 5 4 3 2 1 12 9 7 10 6 
130 2 Pfoho 4 7 3 5 2 6 12 10 9 1 8 11 
131 8 Quincy 9 7 2 8 12 1 3 10 6 5 4 11 
132 7 Mather 8 11 12 6 10 9 1 5 4 7 2 3 
133 5 Dunster 3 4 12 1 9 11 6 10 8 5 7 2 
134 6 Currier 7 11 2 5 8 12 3 6 1 4 9 10 
135 8 Currier 10 1 2 4 3 7 11 12 5 8 6 9 
136 3 Winthrop 1 3 11 10 7 8 4 2 6 5 9 12 
137 1 Currier 3 8 9 5 1 6 4 2 11 12 10 7 
138 4 Pfoho 3 9 11 10 1 8 4 5 6 7 12 2 
139 3 Mather 6 5 1 7 10 9 11 8 2 12 3 4 
140 6 Cabot 2 4 5 9 11 12 6 3 7 10 1 8 
141 2 Quincy 3 7 9 1 10 5 2 4 12 6 8 11 
142 6 Quincy 7 6 8 11 9 5 10 4 3 2 12 1 
143 6 Dunster 4 2 8 11 7 1 5 12 6 3 9 10 
144 2 Winthrop 8 6 9 5 2 1 3 7 12 11 4 10 
145 6 Dunster 3 10 11 4 2 5 9 1 8 7 6 12 
146 5 Quincy 10 12 3 5 8 7 4 2 11 9 6 1 
147 2 Winthrop 8 3 7 2 1 6 12 10 9 5 4 11 
148 5 Dunster 5 10 7 8 2 6 12 11 9 4 3 1 
149 4 Cabot 8 2 7 11 3 5 12 9 4 6 1 10 
