0 4 ['Adams'] 3 8 1 2 12 11 7 10 9 5 6 4 
1 2 ['Kirkland'] 9 3 12 8 4 11 1 7 5 6 10 2 
2 4 ['Adams'] 4 1 7 10 5 8 6 3 11 9 2 12 
3 8 ['Kirkland'] 10 1 12 3 11 6 8 9 5 7 2 4 
4 8 ['Adams'] 10 11 8 7 6 9 3 2 5 12 4 1 
5 1 ['Cabot'] 10 7 1 11 6 12 2 8 9 3 4 5 
6 7 ['Winthrop'] 5 1 7 8 3 2 10 12 9 6 4 11 
7 1 ['Winthrop'] 6 7 12 8 5 3 4 1 9 2 10 11 
8 8 ['Kirkland'] 12 3 9 5 2 6 10 7 11 8 4 1 
9 4 ['Mather'] 2 5 1 11 7 10 8 9 12 3 6 4 
10 2 ['Eliot'] 10 8 12 2 9 3 11 5 1 7 6 4 
11 5 ['Pfoho'] 2 8 3 5 9 1 6 7 10 12 11 4 
12 7 ['Currier'] 12 10 2 1 3 7 6 11 9 8 4 5 
13 7 ['Leverett'] 10 5 7 12 9 11 2 8 6 1 4 3 
14 8 ['Adams'] 9 10 7 12 3 5 6 8 1 2 4 11 
15 6 ['Cabot'] 6 9 7 4 2 5 8 3 1 10 12 11 
16 4 ['Quincy'] 6 3 10 1 11 8 12 2 9 7 4 5 
17 6 ['Cabot'] 6 3 2 10 7 4 5 12 1 9 8 11 
18 6 ['Pfoho'] 10 4 8 2 3 1 9 11 12 5 7 6 
19 3 ['Pfoho'] 10 12 11 9 7 3 4 8 1 2 6 5 
20 5 ['Lowell'] 7 8 10 5 12 1 3 11 9 4 2 6 
21 7 ['Adams'] 5 9 2 4 3 8 10 1 6 11 12 7 
22 4 ['Adams'] 2 12 3 7 9 4 5 1 6 10 11 8 
23 6 ['Adams'] 6 11 12 2 4 5 7 3 8 9 1 10 
24 3 ['Dunster'] 12 11 7 3 1 9 5 6 2 4 8 10 
25 8 ['Leverett'] 4 3 1 2 11 6 7 10 8 5 9 12 
26 8 ['Mather'] 3 9 8 7 5 1 6 2 12 11 4 10 
27 1 ['Winthrop'] 6 2 10 5 7 11 1 9 12 4 8 3 
28 6 ['Kirkland'] 12 2 7 5 3 8 10 1 11 9 4 6 
29 5 ['Mather'] 7 10 6 12 5 8 4 3 9 11 2 1 
30 1 ['Leverett'] 9 6 5 7 8 3 2 1 12 10 4 11 
31 5 ['Quincy'] 8 5 2 6 12 7 4 10 3 9 11 1 
32 5 ['Kirkland'] 7 3 2 8 11 12 4 10 5 9 6 1 
33 5 ['Eliot'] 9 8 12 4 5 7 2 3 1 10 11 6 
34 5 ['Dunster'] 12 9 11 7 5 1 8 4 3 2 6 10 
35 1 ['Eliot'] 11 8 7 2 9 6 5 10 1 4 12 3 
36 2 ['Kirkland'] 7 10 3 1 12 9 2 5 11 4 8 6 
37 6 ['Eliot'] 3 6 7 1 9 10 12 5 11 2 8 4 
38 2 ['Dunster'] 2 4 1 11 9 5 12 10 6 7 8 3 
39 3 ['Adams'] 5 1 6 7 3 11 12 10 4 8 9 2 
40 1 ['Kirkland'] 9 10 2 6 5 1 4 12 11 8 3 7 
41 8 ['Eliot'] 8 6 4 2 5 1 10 11 9 12 3 7 
42 1 ['Mather'] 1 5 7 3 10 4 9 12 11 6 2 8 
43 3 ['Adams'] 6 5 11 9 12 7 10 3 4 1 8 2 
44 5 ['Adams'] 2 9 1 4 8 6 5 3 12 11 10 7 
45 3 ['Kirkland'] 1 3 9 4 11 5 6 7 2 12 8 10 
46 8 ['Mather'] 11 9 4 8 12 5 10 6 1 7 3 2 
47 4 ['Dunster'] 5 6 1 10 2 11 8 4 12 7 9 3 
48 6 ['Kirkland'] 3 11 10 8 9 5 2 12 4 6 1 7 
49 5 ['Adams'] 2 1 10 3 12 4 8 11 6 7 9 5 
50 2 ['Lowell'] 1 8 12 11 6 4 2 10 9 5 3 7 
51 2 ['Mather'] 8 10 11 9 12 7 5 4 1 3 2 6 
52 4 ['Dunster'] 4 2 1 6 8 10 11 12 3 5 7 9 
53 2 ['Leverett'] 3 10 9 8 1 5 11 6 12 2 7 4 
54 1 ['Leverett'] 11 12 1 2 9 6 5 10 4 7 8 3 
55 8 ['Quincy'] 11 12 9 2 10 4 3 5 6 7 8 1 
56 8 ['Kirkland'] 4 7 3 12 9 8 10 5 2 1 11 6 
57 3 ['Mather'] 4 10 8 12 1 9 2 5 6 7 11 3 
58 5 ['Winthrop'] 7 1 12 6 5 3 8 9 4 2 11 10 
59 5 ['Currier'] 4 7 12 2 11 5 6 1 8 3 9 10 
60 2 ['Pfoho'] 7 11 10 5 8 1 4 9 6 2 3 12 
61 7 ['Mather'] 7 8 6 10 5 3 1 11 4 12 9 2 
62 6 ['Cabot'] 3 2 12 5 7 8 9 4 1 11 10 6 
63 4 ['Dunster'] 7 12 8 6 5 10 9 4 1 11 3 2 
64 2 ['Eliot'] 4 7 11 6 12 5 1 2 9 3 10 8 
65 8 ['Quincy'] 4 11 10 12 1 8 2 9 6 5 3 7 
66 2 ['Mather'] 12 6 10 4 7 1 9 8 3 2 5 11 
67 6 ['Currier'] 1 6 10 2 5 3 11 7 12 4 8 9 
68 7 ['Currier'] 1 8 2 3 4 7 10 5 6 12 11 9 
69 7 ['Cabot'] 9 7 11 10 6 1 3 2 12 4 8 5 
70 6 ['Adams'] 3 6 9 5 12 4 11 1 7 10 8 2 
71 7 ['Winthrop'] 8 4 5 6 2 11 10 9 1 3 12 7 
72 7 ['Leverett'] 7 10 9 1 3 8 11 6 12 2 4 5 
73 3 ['Adams'] 9 10 8 12 4 11 7 6 5 1 3 2 
74 5 ['Kirkland'] 10 9 8 5 12 6 4 1 7 2 3 11 
75 2 ['Adams'] 8 6 10 12 5 1 4 9 7 11 2 3 
76 1 ['Eliot'] 9 3 7 10 8 2 4 1 5 11 6 12 
77 8 ['Dunster'] 9 3 11 4 12 7 2 8 6 10 5 1 
78 8 ['Winthrop'] 7 12 10 2 8 5 11 1 6 3 4 9 
79 5 ['Quincy'] 8 12 9 4 7 6 3 11 1 10 5 2 
80 4 ['Dunster'] 12 4 8 5 10 3 6 1 9 2 7 11 
81 8 ['Kirkland'] 12 11 7 1 9 8 5 10 2 3 6 4 
82 6 ['Cabot'] 8 1 2 10 12 7 4 5 3 9 11 6 
83 1 ['Winthrop'] 9 12 7 1 3 8 5 6 2 4 10 11 
84 5 ['Winthrop'] 12 8 6 1 10 4 7 2 11 9 3 5 
85 2 ['Pfoho'] 6 3 10 2 12 1 8 9 4 7 5 11 
86 6 ['Kirkland'] 10 4 6 3 12 5 1 2 7 11 8 9 
87 1 ['Cabot'] 8 4 10 5 3 7 1 9 2 12 11 6 
88 2 ['Lowell'] 9 6 11 12 4 10 7 8 2 1 5 3 
89 2 ['Currier'] 11 9 5 4 7 3 10 8 12 6 2 1 
90 5 ['Eliot'] 1 4 5 11 8 6 9 10 12 3 2 7 
91 1 ['Pfoho'] 7 1 5 10 9 11 2 3 12 4 8 6 
92 6 ['Kirkland'] 1 2 5 6 7 12 3 4 8 10 11 9 
93 1 ['Mather'] 8 5 12 2 4 10 11 1 7 3 9 6 
94 5 ['Lowell'] 8 1 6 7 4 5 2 11 9 10 3 12 
95 8 ['Adams'] 1 11 8 4 10 12 7 3 5 9 2 6 
96 4 ['Mather'] 10 1 12 9 6 7 5 2 8 11 4 3 
97 4 ['Currier'] 2 11 12 8 5 10 9 1 4 6 7 3 
98 6 ['Winthrop'] 7 1 10 9 6 11 4 8 3 12 5 2 
99 7 ['Quincy'] 11 3 7 12 2 4 5 1 6 9 10 8 
100 5 ['Leverett'] 6 11 4 8 7 2 3 9 1 5 10 12 
101 4 ['Cabot'] 3 12 7 9 10 1 11 5 6 2 8 4 
102 7 ['Adams'] 3 2 8 1 12 5 4 10 9 11 6 7 
103 4 ['Kirkland'] 4 11 6 8 5 10 3 2 1 12 9 7 
104 1 ['Eliot'] 3 8 4 5 10 7 12 11 6 9 1 2 
105 2 ['Cabot'] 5 11 10 12 9 6 3 7 2 1 8 4 
106 7 ['Leverett'] 8 5 10 3 1 2 12 6 7 11 9 4 
107 3 ['Mather'] 1 9 4 6 7 2 8 12 10 11 3 5 
108 5 ['Adams'] 12 1 4 9 6 10 7 2 8 5 3 11 
109 6 ['Currier'] 11 3 1 8 6 5 7 2 9 4 12 10 
110 3 ['Winthrop'] 3 9 8 7 10 2 11 1 6 4 12 5 
111 3 ['Leverett'] 7 10 1 3 2 9 11 5 4 8 6 12 
112 2 ['Kirkland'] 5 4 2 7 9 6 1 10 11 12 3 8 
113 2 ['Lowell'] 11 3 7 6 5 10 4 8 2 12 9 1 
114 7 ['Adams'] 9 6 4 10 8 3 7 12 2 11 5 1 
115 4 ['Kirkland'] 12 3 7 5 8 1 6 9 2 10 4 11 
116 3 ['Adams'] 6 10 5 7 2 3 9 1 12 4 11 8 
117 8 ['Mather'] 4 9 3 10 8 6 7 2 12 1 5 11 
118 2 ['Adams'] 4 7 9 8 1 10 2 12 11 3 5 6 
119 1 ['Pfoho'] 6 7 1 2 3 11 5 10 8 4 12 9 
120 6 ['Eliot'] 3 4 1 8 2 7 5 12 6 11 9 10 
121 7 ['Kirkland'] 4 11 3 12 10 1 9 2 8 6 7 5 
122 6 ['Pfoho'] 12 5 3 1 2 9 8 11 4 6 10 7 
123 7 ['Kirkland'] 3 5 10 2 8 1 4 11 7 6 9 12 
124 2 ['Dunster'] 3 5 4 7 2 8 1 12 6 11 10 9 
125 8 ['Adams'] 2 7 9 3 6 11 4 8 10 12 1 5 
126 3 ['Kirkland'] 12 7 2 9 11 4 8 5 3 6 10 1 
127 5 ['Winthrop'] 12 7 9 10 4 6 3 5 2 11 8 1 
128 6 ['Eliot'] 9 10 3 7 1 8 12 6 2 5 4 11 
129 5 ['Dunster'] 7 6 3 10 9 8 12 1 11 2 5 4 
130 6 ['Eliot'] 2 9 4 10 3 5 7 8 12 1 11 6 
131 8 ['Dunster'] 1 7 11 6 2 9 3 12 5 8 10 4 
132 7 ['Eliot'] 5 2 7 10 9 6 4 11 8 12 1 3 
133 3 ['Kirkland'] 9 5 2 10 4 12 3 11 7 1 8 6 
134 7 ['Eliot'] 5 1 2 3 11 4 12 9 6 8 10 7 
135 8 ['Dunster'] 12 5 6 2 3 8 11 10 7 9 4 1 
136 5 ['Dunster'] 3 9 12 7 8 6 1 5 2 11 10 4 
137 6 ['Kirkland'] 11 1 4 5 10 7 2 3 12 6 8 9 
138 7 ['Dunster'] 3 6 7 8 11 2 1 12 10 4 9 5 
139 2 ['Currier'] 1 7 3 4 6 10 8 5 12 2 11 9 
140 2 ['Eliot'] 4 9 11 12 8 2 1 5 3 7 6 10 
141 4 ['Currier'] 8 11 10 2 1 4 6 5 12 9 7 3 
142 4 ['Cabot'] 12 11 3 7 10 6 2 5 9 4 1 8 
143 3 ['Winthrop'] 8 9 6 1 3 10 2 7 4 5 12 11 
144 7 ['Leverett'] 6 4 10 1 2 8 12 7 11 9 5 3 
145 1 ['Eliot'] 10 1 2 7 6 9 5 12 8 3 11 4 
146 2 ['Dunster'] 2 6 3 8 4 7 10 12 1 9 11 5 
147 4 ['Lowell'] 3 9 8 1 7 12 5 2 6 10 11 4 
148 2 ['Kirkland'] 9 7 3 4 8 5 12 11 10 2 1 6 
149 5 ['Leverett'] 1 11 6 4 12 8 10 3 2 7 9 5 
150 4 ['Quincy'] 5 11 7 2 3 12 6 4 9 10 1 8 
151 6 ['Leverett'] 3 5 9 11 8 6 10 7 2 1 4 12 
152 6 ['Currier'] 2 10 5 1 6 8 7 11 3 12 4 9 
153 5 ['Eliot'] 5 1 9 12 7 6 10 4 3 8 11 2 
154 1 ['Quincy'] 8 6 10 11 2 5 9 3 1 4 7 12 
155 6 ['Eliot'] 5 10 1 11 12 7 8 2 3 4 9 6 
156 3 ['Winthrop'] 7 2 1 10 5 11 12 9 8 6 4 3 
157 1 ['Dunster'] 1 9 8 12 7 10 4 5 6 3 11 2 
158 5 ['Leverett'] 6 7 4 2 11 5 9 3 12 8 1 10 
159 5 ['Currier'] 4 1 6 2 5 8 9 10 12 11 7 3 
160 4 ['Cabot'] 12 10 11 7 2 5 1 3 6 9 4 8 
161 2 ['Mather'] 2 8 9 3 11 12 1 7 10 5 6 4 
162 2 ['Currier'] 6 9 2 12 10 7 4 1 11 5 3 8 
163 2 ['Winthrop'] 8 4 10 11 3 6 5 9 12 1 2 7 
164 5 ['Mather'] 5 12 10 7 9 3 6 11 8 4 1 2 
165 8 ['Pfoho'] 3 9 4 10 2 6 12 1 7 11 5 8 
166 7 ['Eliot'] 10 12 3 8 1 9 4 6 11 2 5 7 
167 5 ['Kirkland'] 1 2 5 11 10 12 4 7 6 3 8 9 
168 6 ['Cabot'] 2 8 9 4 3 7 5 11 6 12 10 1 
169 8 ['Quincy'] 11 7 10 4 2 1 6 12 3 9 5 8 
170 6 ['Mather'] 4 1 8 3 7 5 9 12 11 6 2 10 
171 7 ['Cabot'] 8 11 9 3 6 4 5 7 10 12 1 2 
172 1 ['Pfoho'] 7 8 4 6 1 12 3 5 9 10 2 11 
173 8 ['Leverett'] 9 3 7 4 2 8 6 11 10 12 5 1 
174 2 ['Currier'] 8 5 12 1 10 9 7 3 2 6 11 4 
175 7 ['Lowell'] 4 1 12 7 2 8 11 6 10 9 5 3 
176 3 ['Mather'] 10 8 6 3 12 2 1 9 4 11 5 7 
177 8 ['Leverett'] 8 7 4 6 3 10 9 1 5 12 11 2 
178 5 ['Currier'] 8 10 6 7 5 4 11 1 2 9 3 12 
179 5 ['Lowell'] 9 7 4 3 12 2 11 8 10 5 1 6 
180 5 ['Cabot'] 6 2 12 3 1 5 9 8 7 4 11 10 
181 5 ['Kirkland'] 12 2 1 5 10 9 3 8 4 6 7 11 
182 6 ['Dunster'] 1 2 3 4 9 12 5 8 6 7 11 10 
183 8 ['Dunster'] 4 2 6 1 8 10 5 12 7 9 11 3 
184 6 ['Winthrop'] 7 1 2 12 3 6 11 4 5 9 10 8 
185 5 ['Currier'] 4 8 10 1 7 11 6 12 9 3 5 2 
186 4 ['Eliot'] 7 1 6 11 5 4 9 10 3 8 12 2 
187 1 ['Adams'] 4 1 12 9 7 6 11 3 2 8 10 5 
188 4 ['Pfoho'] 6 8 9 12 1 3 7 2 4 5 11 10 
189 1 ['Kirkland'] 10 9 7 3 11 4 8 12 5 1 2 6 
190 2 ['Currier'] 10 9 4 11 6 8 1 5 7 2 3 12 
191 6 ['Pfoho'] 1 2 3 8 6 7 11 9 10 4 5 12 
192 3 ['Currier'] 12 9 11 7 2 10 1 4 3 6 5 8 
193 8 ['Adams'] 7 9 8 11 10 1 6 3 2 12 5 4 
194 8 ['Pfoho'] 7 5 1 8 11 6 9 4 3 10 12 2 
195 5 ['Pfoho'] 9 1 8 7 3 12 10 11 6 2 5 4 
196 5 ['Kirkland'] 5 10 3 6 4 2 1 8 12 7 9 11 
197 8 ['Adams'] 8 4 10 11 6 12 3 5 2 9 7 1 
198 1 ['Adams'] 2 1 12 10 9 6 3 5 4 11 7 8 
199 3 ['Cabot'] 7 2 5 3 9 11 6 1 4 12 8 10 
200 1 ['Lowell'] 9 3 10 5 8 11 1 4 7 2 6 12 
201 4 ['Cabot'] 10 7 12 11 1 4 9 6 3 8 2 5 
202 8 ['Leverett'] 4 8 3 7 2 1 6 10 9 11 12 5 
203 1 ['Mather'] 11 8 10 9 7 3 2 1 4 5 12 6 
204 1 ['Winthrop'] 5 1 10 8 3 9 4 2 6 7 12 11 
205 1 ['Cabot'] 1 11 2 7 9 6 12 10 4 3 5 8 
206 5 ['Leverett'] 11 5 1 10 2 4 3 9 8 6 12 7 
207 2 ['Lowell'] 9 3 1 7 12 10 2 8 4 5 6 11 
208 6 ['Cabot'] 3 7 12 10 1 2 8 9 6 11 4 5 
209 3 ['Leverett'] 8 3 2 10 9 4 5 1 12 7 11 6 
210 6 ['Pfoho'] 5 1 9 4 2 6 11 8 3 12 7 10 
211 7 ['Winthrop'] 2 9 10 7 8 4 5 1 3 11 6 12 
212 1 ['Currier'] 3 1 6 10 5 9 7 2 8 11 4 12 
213 8 ['Eliot'] 8 3 4 6 5 7 2 1 11 10 12 9 
214 6 ['Mather'] 5 7 2 9 4 8 11 1 12 10 3 6 
215 4 ['Dunster'] 10 3 5 4 2 7 11 8 6 1 12 9 
216 5 ['Leverett'] 2 10 3 5 7 9 1 11 6 8 4 12 
217 4 ['Pfoho'] 11 1 6 4 9 10 12 8 3 7 5 2 
218 8 ['Cabot'] 3 10 2 8 11 9 12 1 4 6 5 7 
219 5 ['Winthrop'] 3 7 8 11 10 1 9 12 2 4 5 6 
220 3 ['Cabot'] 6 8 2 9 1 5 3 12 7 10 11 4 
221 6 ['Kirkland'] 8 7 1 9 3 6 2 12 10 11 5 4 
222 8 ['Lowell'] 3 7 6 1 10 12 5 8 9 11 4 2 
223 3 ['Leverett'] 6 5 9 12 3 2 10 4 11 1 8 7 
224 3 ['Mather'] 5 10 12 3 1 9 2 11 6 4 7 8 
225 4 ['Leverett'] 1 9 6 2 10 11 12 8 7 4 3 5 
226 3 ['Kirkland'] 4 6 8 1 2 7 5 9 3 12 11 10 
227 1 ['Mather'] 8 9 3 11 12 10 5 6 1 4 7 2 
228 5 ['Eliot'] 2 9 6 3 5 7 10 1 8 11 12 4 
229 7 ['Eliot'] 10 9 2 4 8 5 11 12 6 1 7 3 
230 3 ['Mather'] 2 1 4 12 7 3 5 9 10 6 11 8 
231 4 ['Kirkland'] 3 4 8 2 10 7 6 9 5 12 11 1 
232 8 ['Pfoho'] 3 1 6 9 12 10 11 8 5 2 4 7 
233 6 ['Pfoho'] 12 1 7 2 5 9 4 6 11 3 8 10 
234 7 ['Dunster'] 9 8 5 11 12 2 3 10 1 4 7 6 
235 5 ['Kirkland'] 5 11 4 8 6 3 2 9 7 1 12 10 
236 8 ['Quincy'] 1 10 6 4 7 9 8 3 2 12 5 11 
237 7 ['Currier'] 3 10 4 12 11 2 8 9 1 6 7 5 
238 5 ['Quincy'] 6 8 11 3 9 2 12 1 10 7 5 4 
239 8 ['Quincy'] 7 3 8 9 4 1 5 11 2 6 10 12 
240 3 ['Mather'] 6 8 11 2 9 3 10 7 1 12 5 4 
241 2 ['Cabot'] 6 3 2 1 5 8 11 7 12 9 10 4 
242 8 ['Currier'] 7 8 3 5 12 1 10 11 9 6 2 4 
243 2 ['Currier'] 1 8 3 4 6 9 12 7 10 5 2 11 
244 7 ['Eliot'] 12 5 10 3 2 7 9 11 1 6 4 8 
245 2 ['Quincy'] 4 3 6 11 1 9 12 8 5 7 2 10 
246 8 ['Dunster'] 11 10 4 3 2 7 5 9 1 8 12 6 
247 4 ['Kirkland'] 2 7 11 12 8 4 10 3 5 9 6 1 
248 3 ['Lowell'] 2 7 1 6 3 5 4 11 8 9 10 12 
249 1 ['Dunster'] 4 5 7 10 3 6 2 12 9 11 1 8 
250 5 ['Leverett'] 2 10 12 8 1 7 9 3 11 4 6 5 
251 8 ['Pfoho'] 7 12 5 6 9 8 1 10 3 4 11 2 
252 2 ['Leverett'] 3 8 1 7 9 12 11 5 10 4 2 6 
253 8 ['Dunster'] 12 2 7 1 6 10 8 4 3 11 5 9 
254 5 ['Quincy'] 11 7 9 4 1 10 5 3 8 6 2 12 
255 8 ['Dunster'] 10 4 5 6 12 7 1 11 9 8 2 3 
256 7 ['Lowell'] 4 10 9 7 11 3 2 6 12 1 5 8 
257 4 ['Leverett'] 2 4 8 6 10 12 9 11 7 5 3 1 
258 3 ['Winthrop'] 1 12 6 10 4 9 7 3 5 8 2 11 
259 1 ['Eliot'] 3 12 5 7 1 10 4 2 9 11 8 6 
260 4 ['Dunster'] 6 12 4 7 10 5 11 1 2 9 8 3 
261 3 ['Cabot'] 7 10 9 11 8 2 3 6 4 12 1 5 
262 8 ['Pfoho'] 7 10 8 1 11 4 5 9 6 2 3 12 
263 6 ['Eliot'] 9 5 1 3 8 2 12 11 6 7 4 10 
264 8 ['Mather'] 3 2 10 8 11 5 1 4 9 7 12 6 
265 7 ['Mather'] 11 1 4 10 3 5 9 7 2 12 6 8 
266 3 ['Kirkland'] 5 6 1 12 8 7 2 4 9 3 11 10 
267 4 ['Currier'] 11 10 9 5 1 8 4 6 12 3 7 2 
268 7 ['Lowell'] 4 5 11 12 6 1 9 8 10 7 3 2 
269 3 ['Pfoho'] 10 8 7 5 9 2 11 6 4 3 12 1 
270 2 ['Dunster'] 1 4 9 6 3 2 8 11 10 5 7 12 
271 3 ['Leverett'] 2 3 5 6 7 10 1 8 12 4 9 11 
272 4 ['Leverett'] 11 8 9 5 6 3 12 2 1 10 4 7 
273 6 ['Leverett'] 2 1 12 5 8 4 10 6 7 11 9 3 
274 3 ['Winthrop'] 11 1 8 12 5 4 3 9 6 2 10 7 
275 3 ['Quincy'] 12 8 9 2 11 7 5 4 6 3 10 1 
276 3 ['Leverett'] 11 12 10 1 6 8 5 4 7 9 3 2 
277 2 ['Mather'] 7 12 10 9 3 11 2 1 6 8 4 5 
278 5 ['Cabot'] 2 7 9 11 1 3 6 5 8 12 10 4 
279 5 ['Pfoho'] 7 10 9 6 12 4 2 5 8 1 11 3 
280 7 ['Cabot'] 4 6 10 3 5 7 11 8 12 1 2 9 
281 5 ['Kirkland'] 5 1 9 10 12 11 6 8 4 3 7 2 
282 3 ['Winthrop'] 3 6 2 7 1 9 10 11 5 4 12 8 
283 4 ['Leverett'] 12 8 1 6 4 7 9 5 10 11 2 3 
284 8 ['Lowell'] 3 10 9 6 4 5 8 11 2 12 1 7 
285 6 ['Currier'] 4 6 2 1 9 5 10 7 8 3 11 12 
286 4 ['Adams'] 2 5 10 7 8 4 12 9 6 3 1 11 
287 6 ['Adams'] 12 5 7 9 6 10 2 4 3 11 1 8 
288 8 ['Dunster'] 2 8 11 4 10 5 12 7 3 6 9 1 
289 1 ['Winthrop'] 5 3 2 4 7 1 12 10 6 9 11 8 
290 3 ['Quincy'] 4 8 10 2 9 11 6 5 7 3 12 1 
291 3 ['Mather'] 1 12 11 3 2 5 8 7 4 10 6 9 
292 8 ['Mather'] 11 9 3 12 4 1 7 2 10 8 5 6 
293 1 ['Winthrop'] 4 2 12 9 11 3 6 5 8 7 10 1 
294 2 ['Mather'] 7 10 3 8 12 5 6 4 2 1 9 11 
295 6 ['Lowell'] 5 8 7 1 11 4 9 10 3 2 12 6 
296 1 ['Adams'] 3 2 4 5 12 8 9 1 6 7 10 11 
297 6 ['Lowell'] 1 2 10 8 6 12 3 4 9 5 7 11 
298 4 ['Mather'] 3 7 5 1 8 11 10 2 9 4 6 12 
299 2 ['Adams'] 10 4 2 9 5 6 12 7 3 1 11 8 
300 1 ['Pfoho'] 7 5 4 10 3 1 11 9 12 6 2 8 
301 6 ['Lowell'] 1 5 9 4 8 10 7 2 12 11 3 6 
302 2 ['Leverett'] 4 11 3 8 2 7 9 1 10 5 12 6 
303 6 ['Winthrop'] 8 4 11 1 2 7 6 3 10 5 12 9 
304 5 ['Adams'] 5 12 6 4 9 11 2 8 3 1 7 10 
305 6 ['Cabot'] 6 10 11 12 9 5 2 8 1 7 4 3 
306 6 ['Lowell'] 9 4 10 8 11 1 6 5 3 2 7 12 
307 6 ['Cabot'] 6 10 7 1 5 8 4 11 12 2 3 9 
308 2 ['Kirkland'] 9 5 7 12 6 10 8 3 2 11 4 1 
309 8 ['Eliot'] 11 10 7 4 8 5 9 2 12 6 3 1 
310 6 ['Kirkland'] 1 7 2 8 9 3 4 11 6 10 5 12 
311 7 ['Adams'] 5 1 10 7 8 4 11 9 2 3 6 12 
312 8 ['Quincy'] 5 10 2 6 1 11 4 12 7 9 8 3 
313 7 ['Winthrop'] 2 3 4 12 10 6 8 9 7 11 1 5 
314 7 ['Lowell'] 5 11 4 12 2 6 10 8 3 1 7 9 
315 6 ['Adams'] 6 9 12 2 3 8 1 10 4 7 11 5 
316 5 ['Currier'] 6 7 1 4 8 2 11 12 5 10 3 9 
317 3 ['Currier'] 3 12 2 1 4 5 10 7 11 8 9 6 
318 2 ['Leverett'] 10 4 9 2 7 1 6 12 11 8 3 5 
319 7 ['Kirkland'] 7 3 11 9 1 4 5 12 8 2 10 6 
320 2 ['Dunster'] 10 11 2 7 5 1 3 9 12 4 8 6 
321 6 ['Winthrop'] 7 5 11 8 4 10 9 3 12 1 6 2 
322 2 ['Eliot'] 12 11 3 5 6 4 8 2 7 9 1 10 
323 2 ['Adams'] 8 10 3 9 5 11 2 6 7 1 4 12 
324 6 ['Adams'] 5 11 10 4 1 9 6 8 3 12 7 2 
325 6 ['Lowell'] 4 2 8 11 12 6 5 9 3 7 1 10 
326 2 ['Cabot'] 12 8 2 11 9 1 7 4 5 10 3 6 
327 8 ['Leverett'] 8 1 10 7 11 6 5 4 2 9 3 12 
328 4 ['Eliot'] 3 2 6 1 4 9 5 11 8 10 12 7 
329 8 ['Currier'] 8 7 3 5 1 10 12 11 2 9 4 6 
330 6 ['Currier'] 10 5 1 9 2 6 7 3 12 11 4 8 
331 8 ['Kirkland'] 6 9 2 5 1 11 10 3 8 12 4 7 
332 6 ['Mather'] 7 11 8 4 3 2 10 5 1 6 9 12 
333 1 ['Kirkland'] 3 12 2 4 6 11 7 5 10 1 9 8 
334 2 ['Dunster'] 5 10 12 4 8 9 11 7 3 2 6 1 
335 6 ['Winthrop'] 8 9 5 12 11 10 7 2 1 6 3 4 
336 1 ['Currier'] 7 4 10 1 12 11 9 5 8 6 2 3 
337 5 ['Kirkland'] 2 4 11 10 3 12 7 1 9 5 8 6 
338 5 ['Leverett'] 5 3 1 6 10 4 11 7 12 8 2 9 
339 8 ['Dunster'] 4 3 1 9 8 5 2 10 7 12 11 6 
340 8 ['Eliot'] 4 8 7 3 11 9 10 1 6 5 12 2 
341 1 ['Eliot'] 5 7 11 1 2 12 3 6 10 4 8 9 
342 8 ['Cabot'] 8 6 10 1 12 4 9 5 2 11 3 7 
343 6 ['Kirkland'] 1 12 4 2 5 6 3 8 9 7 10 11 
344 2 ['Pfoho'] 7 8 12 9 5 11 4 1 2 6 10 3 
345 1 ['Eliot'] 2 9 1 11 3 10 5 7 6 4 8 12 
346 3 ['Dunster'] 7 11 8 6 2 9 1 5 10 4 3 12 
347 2 ['Mather'] 8 1 6 9 2 11 3 4 12 10 7 5 
348 2 ['Winthrop'] 5 12 10 11 8 2 1 9 4 6 7 3 
349 1 ['Lowell'] 9 8 7 2 10 11 5 12 6 4 1 3 
350 2 ['Kirkland'] 10 4 1 3 2 8 12 9 6 5 11 7 
351 8 ['Pfoho'] 7 11 6 9 3 5 4 12 1 2 8 10 
352 6 ['Lowell'] 8 2 5 10 9 4 11 1 7 6 12 3 
353 5 ['Currier'] 4 1 9 2 6 5 3 12 11 10 8 7 
354 4 ['Adams'] 1 7 12 5 4 8 9 6 10 3 2 11 
355 8 ['Lowell'] 6 2 9 5 7 3 10 1 11 4 8 12 
356 5 ['Kirkland'] 3 10 12 2 11 1 4 6 9 5 8 7 
357 5 ['Mather'] 7 6 3 10 8 1 4 5 12 2 9 11 
358 3 ['Mather'] 8 3 12 11 10 9 5 6 1 7 2 4 
359 1 ['Eliot'] 9 8 12 5 1 11 2 7 3 10 6 4 
360 8 ['Dunster'] 3 7 8 4 10 5 2 1 12 9 6 11 
361 2 ['Eliot'] 5 2 12 3 1 8 11 4 10 9 6 7 
362 4 ['Winthrop'] 5 10 2 7 8 6 12 11 4 3 1 9 
363 2 ['Adams'] 7 11 10 1 4 8 9 5 3 12 6 2 
364 7 ['Quincy'] 1 2 7 9 6 3 5 11 12 8 4 10 
365 3 ['Currier'] 4 1 8 5 2 7 3 6 9 10 11 12 
366 5 ['Quincy'] 1 12 11 9 4 8 5 3 6 10 2 7 
367 1 ['Quincy'] 1 6 8 9 5 11 2 3 7 12 10 4 
368 6 ['Quincy'] 8 10 1 4 7 6 3 11 5 12 9 2 
369 5 ['Cabot'] 1 7 5 12 11 3 6 9 2 8 4 10 
370 1 ['Winthrop'] 12 4 7 9 10 5 3 11 2 8 6 1 
371 5 ['Winthrop'] 4 10 6 5 11 2 8 7 1 9 12 3 
372 2 ['Eliot'] 5 6 4 3 12 7 9 8 1 2 10 11 
373 6 ['Winthrop'] 2 5 3 4 1 9 11 8 6 7 10 12 
374 7 ['Kirkland'] 10 8 3 2 6 1 11 5 12 4 9 7 
375 6 ['Eliot'] 10 1 12 6 7 5 11 8 9 2 3 4 
376 4 ['Quincy'] 12 9 1 10 3 5 2 4 6 8 7 11 
377 8 ['Currier'] 7 11 12 5 9 6 1 8 4 3 10 2 
378 8 ['Adams'] 4 10 2 7 5 3 8 6 12 9 1 11 
379 1 ['Leverett'] 4 1 8 9 6 12 2 7 3 5 11 10 
380 5 ['Quincy'] 2 1 10 12 3 5 4 9 6 7 8 11 
381 3 ['Cabot'] 8 12 10 11 1 3 7 2 4 9 5 6 
382 4 ['Quincy'] 8 7 5 2 6 3 1 4 10 9 11 12 
383 1 ['Dunster'] 2 9 10 7 4 8 1 5 6 11 12 3 
384 4 ['Leverett'] 3 5 7 6 10 4 12 2 8 11 1 9 
385 1 ['Kirkland'] 2 8 12 7 6 5 3 10 1 4 11 9 
386 3 ['Currier'] 8 4 6 1 5 10 2 11 9 3 7 12 
387 7 ['Cabot'] 2 10 5 6 8 9 4 11 1 3 7 12 
388 3 ['Dunster'] 4 5 7 3 9 6 8 10 1 2 11 12 
389 5 ['Adams'] 1 12 5 2 6 11 9 10 7 4 3 8 
390 8 ['Kirkland'] 11 3 5 7 6 1 8 12 10 2 9 4 
391 8 ['Eliot'] 5 6 4 8 2 9 12 10 1 11 3 7 
392 1 ['Cabot'] 10 2 6 3 4 1 8 12 5 11 7 9 
393 8 ['Adams'] 2 5 10 1 3 4 12 7 6 9 8 11 
394 5 ['Mather'] 11 1 4 10 6 12 2 8 7 9 3 5 
395 6 ['Pfoho'] 3 7 6 1 11 12 5 4 2 10 9 8 
396 2 ['Adams'] 12 7 3 5 1 10 8 2 4 9 11 6 
397 6 ['Leverett'] 6 12 4 9 8 1 10 7 5 2 3 11 
398 6 ['Eliot'] 3 5 11 4 12 2 8 1 9 7 6 10 
399 4 ['Adams'] 9 6 10 4 8 1 11 2 7 5 3 12 
