0 3 Dunster 10 2 3 7 9 1 11 6 12 4 5 8 
1 2 Eliot 10 9 3 1 2 12 8 7 4 6 11 5 
2 3 Eliot 8 7 5 11 1 9 6 4 3 2 10 12 
3 7 Kirkland 10 1 7 11 4 8 5 9 12 2 6 3 
4 6 Winthrop 8 2 12 4 1 7 5 10 11 6 3 9 
5 8 Cabot 1 11 8 12 7 9 4 6 10 5 3 2 
6 1 Lowell 9 7 11 1 6 2 5 12 3 10 8 4 
7 5 Quincy 10 2 8 5 9 6 3 11 4 1 7 12 
8 4 Adams 5 8 9 3 11 12 6 7 4 1 2 10 
9 6 Kirkland 10 5 12 11 3 7 4 1 8 9 6 2 
10 1 Winthrop 4 5 1 8 7 11 3 10 12 2 6 9 
11 4 Leverett 7 4 2 1 5 8 9 11 3 10 6 12 
12 5 Kirkland 11 2 8 4 5 12 1 10 3 9 7 6 
13 4 Dunster 8 7 11 1 5 9 4 12 10 3 6 2 
14 7 Dunster 11 10 8 12 9 3 7 4 1 6 2 5 
15 4 Adams 8 9 4 12 1 6 11 7 10 5 2 3 
16 4 Dunster 7 4 6 11 8 12 9 10 5 3 1 2 
17 2 Eliot 12 3 7 9 5 6 8 2 11 1 4 10 
18 5 Kirkland 12 9 2 10 6 1 11 3 4 5 7 8 
19 6 Dunster 5 9 2 6 12 7 11 4 1 3 10 8 
20 1 Adams 11 1 4 2 12 6 8 5 9 7 10 3 
21 2 Leverett 12 7 2 1 5 4 3 11 10 9 8 6 
22 3 Lowell 4 9 12 11 7 10 2 6 8 3 5 1 
23 1 Leverett 1 11 3 2 5 9 7 6 8 4 10 12 
24 8 Mather 5 2 9 12 3 10 1 7 6 8 11 4 
25 4 Currier 2 1 11 10 3 4 6 5 9 8 12 7 
26 4 Winthrop 3 6 4 2 9 5 12 10 11 7 8 1 
27 8 Winthrop 11 4 5 8 6 2 10 3 1 9 12 7 
28 6 Adams 8 7 3 4 6 1 12 9 5 2 11 10 
29 2 Cabot 5 2 7 8 9 1 4 10 6 3 11 12 
30 3 Quincy 4 1 5 10 6 9 3 11 8 12 7 2 
31 4 Leverett 12 7 5 1 11 8 6 9 3 10 4 2 
32 2 Pfoho 11 8 12 5 6 4 9 1 10 3 2 7 
33 3 Mather 6 10 8 3 4 1 11 5 2 9 12 7 
34 6 Pfoho 6 4 5 11 9 3 7 2 8 10 1 12 
35 5 Currier 1 5 9 10 6 8 3 11 7 12 2 4 
36 4 Quincy 9 4 1 12 3 8 11 10 5 7 2 6 
37 2 Leverett 6 3 7 1 2 11 9 8 10 12 5 4 
38 7 Winthrop 5 10 7 12 11 9 4 8 6 2 3 1 
39 5 Dunster 6 2 11 10 4 7 1 12 3 9 8 5 
40 5 Lowell 11 9 10 3 1 12 6 5 2 8 4 7 
41 5 Eliot 7 2 10 1 3 12 4 6 11 5 8 9 
42 2 Leverett 11 4 9 2 8 7 3 1 10 5 12 6 
43 4 Cabot 8 1 10 7 9 6 5 4 2 11 12 3 
44 7 Kirkland 1 8 6 3 9 4 11 10 2 7 5 12 
45 1 Pfoho 2 5 7 3 6 9 12 4 1 10 8 11 
46 2 Leverett 5 4 9 2 1 10 6 11 7 8 12 3 
47 7 Eliot 11 5 6 9 7 2 3 1 10 8 12 4 
48 3 Lowell 12 3 2 9 7 10 1 8 4 11 6 5 
49 1 Kirkland 5 7 9 8 2 4 12 10 11 1 3 6 
50 7 Winthrop 2 3 4 7 12 6 11 5 9 8 1 10 
51 2 Dunster 4 7 9 5 2 10 6 8 11 1 3 12 
52 8 Eliot 5 9 10 7 11 12 2 1 8 3 6 4 
53 2 Quincy 1 5 9 3 11 6 12 2 7 10 4 8 
54 8 Mather 8 11 3 4 2 7 9 10 1 5 6 12 
55 7 Currier 10 9 3 4 2 1 6 5 12 11 8 7 
56 8 Lowell 8 10 12 3 2 1 11 4 6 7 9 5 
57 7 Adams 8 4 10 3 2 9 7 1 6 12 11 5 
58 1 Winthrop 5 9 8 7 11 6 2 4 3 1 12 10 
59 3 Lowell 6 4 1 8 9 10 11 12 3 7 5 2 
60 3 Currier 12 7 9 1 10 8 3 6 11 2 5 4 
61 7 Adams 11 12 5 7 2 8 6 1 4 9 3 10 
62 1 Lowell 5 8 1 4 3 9 10 11 7 2 12 6 
63 8 Winthrop 8 5 11 10 12 6 9 1 4 2 7 3 
64 3 Adams 6 11 9 8 2 4 5 3 10 1 7 12 
65 1 Dunster 3 1 5 8 2 9 6 12 11 10 4 7 
66 7 Currier 12 10 1 9 7 8 4 5 3 2 11 6 
67 4 Currier 2 1 3 11 12 10 8 9 7 5 6 4 
68 4 Cabot 9 4 8 6 2 7 12 10 1 5 11 3 
69 6 Eliot 11 10 6 9 1 2 8 5 4 3 7 12 
70 7 Adams 11 4 5 8 2 10 12 9 6 1 3 7 
71 4 Leverett 4 12 10 11 7 8 5 1 3 2 6 9 
72 8 Leverett 6 2 8 9 10 1 3 4 7 11 12 5 
73 3 Leverett 9 7 4 8 6 11 12 10 2 5 1 3 
74 6 Pfoho 11 8 9 1 12 2 4 10 5 6 3 7 
75 1 Quincy 12 9 3 4 1 11 2 6 7 5 10 8 
76 5 Currier 1 2 8 4 9 11 5 3 10 6 12 7 
77 8 Cabot 11 9 10 8 6 2 1 7 4 12 5 3 
78 1 Eliot 10 8 6 2 12 9 4 1 5 7 11 3 
79 7 Adams 11 7 6 10 2 8 4 3 12 5 1 9 
80 5 Adams 3 8 2 5 11 7 1 9 12 10 6 4 
81 4 Currier 4 10 5 1 7 8 3 12 6 2 11 9 
82 6 Winthrop 12 7 10 6 4 9 3 1 11 8 5 2 
83 4 Lowell 1 5 3 2 12 9 11 8 10 6 4 7 
84 6 Cabot 2 4 11 7 12 5 8 6 10 1 9 3 
85 8 Kirkland 9 4 5 10 1 11 12 7 3 8 6 2 
86 6 Leverett 5 6 11 2 4 3 12 7 10 8 1 9 
87 3 Currier 10 1 2 4 6 5 7 11 3 12 9 8 
88 7 Cabot 9 10 12 5 1 8 4 3 2 6 11 7 
89 8 Kirkland 12 9 2 5 6 7 10 3 1 8 11 4 
90 2 Eliot 11 3 12 8 1 6 10 7 2 9 5 4 
91 4 Pfoho 1 2 4 6 7 9 10 8 11 12 5 3 
92 4 Currier 9 12 10 4 6 8 5 2 7 11 1 3 
93 7 Pfoho 3 11 4 10 1 7 6 8 9 12 5 2 
94 8 Currier 10 4 6 2 7 9 8 5 3 12 1 11 
95 1 Quincy 9 3 10 2 1 8 5 12 7 6 11 4 
96 6 Lowell 11 9 6 4 8 3 12 1 7 5 2 10 
97 6 Pfoho 2 4 10 1 5 3 8 11 7 12 9 6 
98 4 Eliot 6 4 12 2 11 5 10 9 8 7 3 1 
99 5 Winthrop 3 9 7 12 4 1 11 8 10 5 6 2 
100 6 Currier 11 5 2 9 8 4 12 10 7 1 6 3 
101 5 Mather 12 9 4 2 6 3 11 7 5 8 1 10 
102 4 Currier 8 4 12 11 3 9 10 1 7 5 2 6 
103 2 Eliot 9 5 4 11 6 12 2 10 7 8 1 3 
104 5 Kirkland 10 1 3 5 8 12 6 7 9 11 2 4 
105 2 Pfoho 2 1 11 9 10 6 5 8 4 3 7 12 
106 8 Cabot 6 9 5 8 4 1 11 7 10 3 2 12 
107 4 Kirkland 4 2 12 3 9 1 8 5 7 10 6 11 
108 1 Lowell 12 2 3 4 7 11 10 8 6 1 5 9 
109 1 Dunster 3 8 9 2 11 7 1 10 5 12 6 4 
110 5 Currier 11 7 6 12 3 9 10 8 2 4 5 1 
111 4 Quincy 6 12 8 10 5 7 1 11 3 2 4 9 
112 2 Quincy 1 5 7 10 2 12 8 3 4 9 11 6 
113 6 Winthrop 10 2 5 6 12 9 7 11 8 4 3 1 
114 5 Quincy 7 2 5 6 12 4 1 3 10 8 9 11 
115 2 Winthrop 4 10 2 9 3 5 8 6 11 1 12 7 
116 7 Winthrop 6 10 3 4 8 2 9 7 1 5 12 11 
117 5 Eliot 3 5 4 1 6 7 8 12 9 11 2 10 
118 7 Kirkland 2 11 10 6 8 9 3 5 4 1 12 7 
119 3 Cabot 1 11 4 2 10 6 8 5 3 12 9 7 
120 4 Cabot 1 11 6 8 2 7 3 5 10 9 12 4 
121 4 Adams 12 2 1 11 9 7 6 3 10 8 5 4 
122 4 Cabot 6 9 10 2 1 12 8 5 7 4 11 3 
123 8 Cabot 8 6 1 3 4 5 12 10 7 2 11 9 
124 3 Adams 3 9 1 6 5 10 4 8 2 11 7 12 
125 6 Adams 7 1 10 6 3 5 12 2 11 4 8 9 
126 8 Adams 5 1 6 10 3 7 12 4 9 2 11 8 
127 7 Cabot 8 1 9 5 2 7 3 11 4 12 6 10 
128 4 Mather 3 9 11 8 4 7 1 5 2 6 12 10 
129 8 Adams 10 1 9 4 3 11 2 5 6 12 7 8 
130 4 Adams 12 5 11 7 3 4 10 8 9 1 2 6 
131 1 Kirkland 2 6 4 11 9 10 1 3 8 7 5 12 
132 1 Eliot 9 5 8 10 11 4 3 2 6 1 12 7 
133 3 Currier 9 4 8 11 10 6 2 12 1 7 3 5 
134 7 Lowell 6 9 2 10 5 1 3 12 4 11 7 8 
135 8 Eliot 10 7 2 8 5 4 1 6 11 3 12 9 
136 5 Cabot 6 3 5 9 10 11 7 8 12 2 4 1 
137 5 Mather 1 3 2 8 5 6 10 7 4 12 9 11 
138 3 Lowell 10 3 9 2 1 5 12 11 6 4 7 8 
139 6 Currier 3 9 2 6 8 4 12 11 1 7 10 5 
140 7 Currier 6 3 11 4 10 1 12 5 9 2 8 7 
141 2 Lowell 3 9 8 12 7 2 10 4 1 5 6 11 
142 5 Winthrop 2 1 5 7 3 8 11 4 12 10 9 6 
143 8 Lowell 2 9 6 12 3 4 10 7 11 1 5 8 
144 8 Currier 3 5 6 2 8 11 4 7 12 9 10 1 
145 3 Pfoho 4 1 11 9 5 8 12 6 3 10 7 2 
146 3 Adams 12 9 4 1 8 7 3 10 6 5 11 2 
147 5 Cabot 10 12 3 7 9 11 5 1 6 4 8 2 
148 1 Dunster 1 5 12 2 3 10 8 11 6 4 9 7 
149 5 Pfoho 9 8 5 10 2 6 1 3 4 7 12 11 
