0 4 Lowell 6 4 3 10 9 8 7 1 12 11 5 2 
1 8 Kirkland 2 9 10 11 12 3 4 7 5 1 6 8 
2 3 Kirkland 9 11 3 6 1 8 5 10 7 12 2 4 
3 1 Kirkland 5 4 9 3 10 12 6 1 11 7 2 8 
4 1 Leverett 7 11 9 6 8 10 3 12 2 4 1 5 
5 2 Pfoho 6 1 3 8 2 9 4 5 10 12 11 7 
6 7 Lowell 7 12 10 9 3 5 1 11 2 4 6 8 
7 2 Pfoho 7 9 2 10 8 4 3 6 12 11 1 5 
8 2 Quincy 10 6 1 5 9 7 12 3 8 2 11 4 
9 1 Eliot 3 6 5 1 2 9 11 7 10 4 12 8 
10 1 Kirkland 1 7 5 2 3 6 8 9 12 11 10 4 
11 3 Winthrop 10 7 5 6 12 3 4 2 8 9 11 1 
12 2 Currier 8 11 7 6 9 12 2 3 4 5 10 1 
13 7 Lowell 4 12 11 3 6 5 2 1 9 7 10 8 
14 1 Eliot 4 9 6 2 7 10 11 12 8 5 1 3 
15 1 Cabot 6 12 11 3 10 8 7 2 1 4 5 9 
16 3 Eliot 1 6 2 11 12 7 5 3 10 8 9 4 
17 6 Kirkland 10 7 12 9 3 1 8 2 4 6 5 11 
18 6 Eliot 5 2 8 12 10 11 4 6 7 3 9 1 
19 5 Cabot 11 8 4 10 3 6 7 12 5 9 1 2 
20 6 Lowell 2 4 12 3 7 1 11 6 5 10 9 8 
21 3 Lowell 7 8 2 1 10 6 4 3 5 11 12 9 
22 7 Eliot 2 6 8 12 3 11 5 10 1 9 7 4 
23 6 Winthrop 8 12 2 7 10 1 5 4 6 3 11 9 
24 3 Kirkland 4 1 2 9 12 11 10 7 8 5 3 6 
25 8 Pfoho 10 8 1 11 9 4 3 5 7 6 2 12 
26 1 Dunster 5 7 6 4 8 2 12 1 9 11 3 10 
27 5 Mather 1 11 8 5 12 4 9 10 3 2 6 7 
28 6 Dunster 3 10 6 4 11 5 12 7 8 1 9 2 
29 1 Currier 5 7 11 9 8 3 2 12 4 1 10 6 
30 8 Cabot 11 10 6 2 4 8 9 3 5 1 12 7 
31 4 Mather 4 2 11 10 5 6 9 7 8 12 1 3 
32 4 Cabot 11 8 7 12 4 3 6 5 1 2 9 10 
33 4 Dunster 7 10 9 6 1 2 11 12 5 4 3 8 
34 4 Adams 7 4 8 3 5 11 12 9 6 2 10 1 
35 1 Quincy 4 9 11 10 6 1 12 3 8 5 7 2 
36 7 Mather 2 10 12 7 3 11 4 6 5 1 8 9 
37 8 Eliot 12 5 10 4 8 11 1 6 7 9 2 3 
38 8 Mather 1 9 8 10 5 7 2 4 11 6 3 12 
39 3 Lowell 6 11 5 10 1 7 3 2 12 8 4 9 
40 3 Eliot 2 4 12 8 10 1 3 11 9 7 5 6 
41 4 Mather 8 1 11 3 9 7 5 4 2 12 10 6 
42 2 Winthrop 11 9 5 6 3 7 1 2 8 10 12 4 
43 5 Quincy 5 11 8 7 4 6 10 1 12 9 2 3 
44 7 Dunster 8 5 1 10 4 6 3 9 7 11 12 2 
45 1 Mather 2 10 11 9 1 7 8 6 4 12 5 3 
46 1 Eliot 2 12 11 6 8 9 4 7 3 5 1 10 
47 6 Adams 3 11 1 9 8 12 10 5 4 6 2 7 
48 2 Eliot 6 12 11 1 2 7 8 5 3 10 9 4 
49 3 Winthrop 12 2 10 4 8 3 6 11 5 1 7 9 
50 2 Kirkland 6 4 7 12 8 2 10 11 5 3 9 1 
51 6 Cabot 8 5 6 3 4 10 9 1 11 12 2 7 
52 6 Currier 5 12 8 6 3 2 7 9 1 10 4 11 
53 6 Lowell 7 2 3 9 5 10 11 1 6 4 12 8 
54 6 Pfoho 1 10 12 2 4 8 5 3 9 11 7 6 
55 3 Winthrop 3 9 6 12 10 8 2 1 5 7 4 11 
56 3 Winthrop 1 2 12 10 5 4 3 6 7 11 8 9 
57 7 Quincy 2 3 5 8 10 4 9 6 11 1 7 12 
58 4 Leverett 6 5 9 4 1 7 8 2 10 11 3 12 
59 7 Currier 1 10 2 5 11 6 12 7 3 9 4 8 
60 4 Mather 1 2 9 8 4 3 5 11 6 7 12 10 
61 8 Dunster 6 9 5 1 2 4 10 7 11 8 3 12 
62 2 Pfoho 6 5 1 2 11 12 7 8 4 10 3 9 
63 8 Eliot 12 5 4 7 8 10 3 1 6 11 9 2 
64 6 Lowell 4 3 9 2 10 6 8 5 12 1 11 7 
65 6 Mather 1 11 9 6 8 2 4 5 3 7 10 12 
66 5 Pfoho 9 6 7 10 3 2 5 11 8 12 1 4 
67 2 Eliot 6 8 11 10 2 3 5 7 1 9 4 12 
68 1 Pfoho 4 12 2 8 3 9 6 11 5 10 7 1 
69 3 Currier 12 7 10 6 2 11 9 5 4 3 1 8 
70 1 Pfoho 11 10 5 3 2 8 7 4 6 1 12 9 
71 8 Adams 10 3 11 9 5 12 1 2 7 8 6 4 
72 3 Leverett 12 2 3 5 10 1 11 9 4 7 8 6 
73 1 Pfoho 9 3 12 7 10 4 1 11 2 5 8 6 
74 6 Pfoho 4 10 8 2 3 9 7 6 11 5 1 12 
75 8 Mather 5 9 10 4 12 7 1 2 11 6 3 8 
76 1 Adams 9 10 12 6 1 3 8 5 7 4 11 2 
77 7 Currier 10 1 9 6 7 4 11 8 12 3 5 2 
78 5 Mather 5 11 12 8 10 6 7 3 9 1 4 2 
79 1 Mather 2 1 5 11 12 3 6 9 8 4 10 7 
80 6 Kirkland 1 8 7 10 2 3 11 4 6 9 5 12 
81 3 Eliot 8 5 3 7 12 4 1 10 2 9 11 6 
82 1 Kirkland 7 9 6 12 11 3 5 1 4 10 2 8 
83 4 Currier 9 5 10 4 8 12 7 6 11 3 1 2 
84 5 Dunster 6 3 11 12 7 10 1 5 2 4 9 8 
85 2 Quincy 3 7 4 5 2 9 12 6 11 8 1 10 
86 6 Dunster 11 1 10 12 8 2 3 5 4 6 9 7 
87 3 Dunster 9 3 7 12 6 5 2 8 11 1 10 4 
88 6 Lowell 5 2 6 11 12 9 4 3 10 8 1 7 
89 3 Lowell 10 5 4 7 2 12 6 1 9 11 8 3 
90 2 Lowell 9 6 8 7 11 3 4 10 2 5 1 12 
91 6 Adams 12 5 4 3 2 7 8 6 1 9 10 11 
92 1 Leverett 1 12 8 7 2 3 4 9 11 6 5 10 
93 8 Currier 3 2 5 1 11 4 10 8 6 9 7 12 
94 4 Pfoho 12 11 9 5 6 3 2 8 10 1 7 4 
95 4 Pfoho 6 12 4 2 5 11 10 3 8 7 9 1 
96 2 Eliot 3 6 1 11 5 7 10 2 12 8 4 9 
97 5 Adams 6 4 7 1 3 9 11 12 8 5 2 10 
98 8 Winthrop 4 2 11 5 3 10 1 9 8 6 12 7 
99 8 Lowell 9 2 10 4 5 1 11 3 6 8 12 7 
100 6 Eliot 3 6 8 11 1 10 9 12 5 2 7 4 
101 8 Quincy 8 2 6 5 10 1 7 11 12 4 3 9 
102 4 Mather 5 12 7 11 4 2 10 9 3 1 6 8 
103 3 Adams 7 1 9 6 3 12 10 4 8 11 5 2 
104 2 Leverett 2 9 11 1 8 12 3 7 5 4 10 6 
105 8 Winthrop 6 1 12 4 10 11 5 8 7 9 2 3 
106 1 Pfoho 3 11 5 12 9 10 1 8 6 4 2 7 
107 6 Quincy 5 10 11 1 7 12 4 6 3 9 2 8 
108 3 Cabot 7 11 12 3 6 9 8 4 2 5 1 10 
109 8 Cabot 4 2 3 12 11 5 10 6 9 8 7 1 
110 7 Dunster 1 11 2 9 8 3 5 12 6 4 10 7 
111 4 Currier 5 3 11 10 8 12 2 4 6 1 9 7 
112 1 Leverett 6 3 2 4 7 8 1 5 11 9 10 12 
113 7 Winthrop 2 8 7 11 1 9 12 4 10 5 3 6 
114 7 Dunster 4 5 6 11 1 9 8 10 7 12 3 2 
115 6 Dunster 9 4 7 5 11 6 2 8 12 1 3 10 
116 4 Currier 10 6 2 8 1 4 5 12 11 3 9 7 
117 3 Quincy 4 3 9 7 12 2 1 5 6 8 10 11 
118 7 Currier 1 9 12 7 3 2 10 11 5 6 4 8 
119 8 Lowell 3 7 12 1 9 11 4 10 8 2 6 5 
120 5 Winthrop 9 12 4 11 10 2 7 6 3 5 8 1 
121 6 Dunster 3 4 7 5 6 2 1 8 9 10 12 11 
122 1 Cabot 4 7 2 9 12 5 11 10 6 8 1 3 
123 5 Lowell 12 8 7 4 11 2 3 1 5 6 10 9 
124 2 Eliot 5 7 12 10 11 8 4 2 3 6 1 9 
125 4 Leverett 11 7 3 9 5 8 12 2 10 1 4 6 
126 5 Cabot 9 11 4 8 12 2 10 7 1 5 3 6 
127 2 Quincy 10 8 5 6 3 9 2 11 7 12 1 4 
128 6 Winthrop 2 10 8 11 3 9 4 5 7 6 1 12 
129 6 Kirkland 3 7 11 1 9 4 12 8 2 10 6 5 
130 2 Currier 11 7 12 1 5 10 8 9 6 3 4 2 
131 4 Kirkland 8 7 10 11 12 2 4 6 5 9 3 1 
132 1 Adams 4 12 5 3 6 7 11 2 1 9 8 10 
133 7 Pfoho 11 8 9 3 12 4 5 2 10 1 7 6 
134 1 Kirkland 8 12 10 4 11 3 7 2 1 9 5 6 
135 7 Quincy 10 8 7 1 4 6 3 12 11 2 5 9 
136 3 Leverett 3 1 6 12 5 2 11 9 4 7 8 10 
137 8 Cabot 7 9 3 4 11 2 10 8 1 5 12 6 
138 5 Kirkland 11 6 4 9 8 12 1 7 2 5 10 3 
139 8 Adams 9 1 4 5 7 11 6 12 10 8 2 3 
140 6 Winthrop 8 11 4 3 7 10 6 2 9 1 12 5 
141 6 Pfoho 12 2 1 4 5 11 10 6 8 9 7 3 
142 3 Winthrop 6 2 1 7 3 4 9 10 8 5 11 12 
143 8 Lowell 4 12 9 10 6 8 5 11 1 3 7 2 
144 1 Cabot 8 2 10 11 5 7 3 9 12 6 4 1 
145 7 Adams 7 2 11 1 12 4 9 8 5 10 3 6 
146 2 Dunster 5 6 9 4 3 8 1 7 2 11 12 10 
147 4 Adams 9 2 8 12 5 6 10 3 4 7 1 11 
148 3 Lowell 7 6 2 8 4 9 12 10 5 3 1 11 
149 6 Dunster 3 11 2 12 9 1 6 7 8 10 4 5 
150 7 Cabot 9 7 8 1 2 6 12 3 5 11 4 10 
151 4 Lowell 5 7 9 3 11 10 12 6 8 1 4 2 
152 7 Dunster 3 9 10 5 11 2 4 12 7 6 1 8 
153 1 Quincy 4 8 6 5 7 3 2 9 12 1 10 11 
154 5 Currier 7 2 1 11 8 10 5 6 3 4 9 12 
155 4 Quincy 6 1 11 2 9 4 5 3 7 8 10 12 
156 4 Leverett 4 2 10 11 6 9 12 8 7 3 5 1 
157 7 Cabot 7 2 8 11 12 4 5 1 9 3 10 6 
158 4 Eliot 6 10 11 5 4 9 3 7 8 1 12 2 
159 7 Adams 10 9 1 4 3 12 7 5 8 2 11 6 
160 2 Adams 1 5 8 7 2 10 9 12 11 3 6 4 
161 3 Cabot 11 7 2 8 3 10 9 12 1 4 6 5 
162 5 Winthrop 5 6 8 7 10 9 3 12 11 1 4 2 
163 3 Leverett 2 12 8 5 11 10 6 9 1 3 4 7 
164 6 Mather 2 10 7 8 4 5 9 3 6 12 11 1 
165 7 Adams 2 1 3 10 4 12 8 6 9 7 5 11 
166 1 Quincy 1 10 12 7 8 5 3 9 11 2 6 4 
167 2 Pfoho 11 7 6 12 10 3 4 2 8 1 5 9 
168 3 Adams 12 2 9 10 3 6 8 7 4 11 5 1 
169 7 Mather 2 4 11 5 8 7 3 12 1 10 6 9 
170 1 Quincy 11 10 9 4 8 5 12 6 1 7 2 3 
171 5 Adams 4 9 5 3 11 12 7 2 6 1 8 10 
172 7 Dunster 8 11 6 12 1 2 3 7 4 5 10 9 
173 7 Dunster 6 5 10 2 8 7 9 1 4 12 3 11 
174 5 Quincy 7 5 6 4 11 3 12 2 8 10 1 9 
175 7 Adams 7 5 4 12 1 10 8 6 9 2 11 3 
176 1 Quincy 6 1 4 9 7 2 3 12 5 8 10 11 
177 4 Currier 11 6 10 4 12 9 7 1 3 8 2 5 
178 3 Quincy 8 12 1 11 6 2 3 4 5 7 10 9 
179 6 Adams 1 8 9 6 2 10 3 12 4 5 7 11 
180 1 Winthrop 8 1 7 12 6 5 4 2 9 11 3 10 
181 3 Pfoho 11 9 5 1 3 6 8 10 7 12 2 4 
182 3 Cabot 10 7 1 8 12 9 3 5 4 11 2 6 
183 7 Mather 6 2 7 8 10 5 11 1 9 4 12 3 
184 4 Adams 12 1 10 4 7 8 9 6 11 2 5 3 
185 6 Winthrop 10 2 11 8 1 4 12 9 3 7 6 5 
186 8 Pfoho 4 9 1 7 11 5 10 8 12 2 3 6 
187 5 Pfoho 11 5 4 2 7 10 9 1 8 3 6 12 
188 8 Quincy 9 12 5 6 2 1 7 10 3 11 8 4 
189 2 Lowell 11 2 12 8 10 9 5 7 6 3 4 1 
190 3 Leverett 2 8 1 12 3 6 5 7 4 9 10 11 
191 2 Cabot 11 7 2 8 3 12 10 6 9 1 4 5 
192 5 Adams 4 11 12 10 9 1 7 5 8 6 3 2 
193 2 Currier 11 9 6 4 12 7 2 10 1 8 3 5 
194 5 Currier 2 5 9 3 8 7 6 1 4 10 11 12 
195 2 Winthrop 12 11 2 1 3 10 4 5 8 9 7 6 
196 6 Quincy 3 2 8 4 9 12 6 7 5 1 11 10 
197 2 Lowell 9 5 6 11 4 2 3 10 1 7 8 12 
198 3 Kirkland 10 1 9 7 2 6 4 5 11 12 8 3 
199 2 Adams 3 2 7 9 4 12 1 5 8 10 11 6 
200 8 Adams 1 12 5 11 4 8 10 7 6 2 3 9 
201 7 Eliot 2 9 3 4 6 5 12 8 1 7 11 10 
202 6 Leverett 4 5 10 1 6 7 2 12 11 8 3 9 
203 6 Dunster 4 3 8 6 7 5 1 9 10 12 11 2 
204 7 Quincy 1 5 11 6 4 2 8 3 9 10 7 12 
205 8 Winthrop 11 4 6 3 2 9 5 12 1 8 7 10 
206 8 Lowell 2 5 10 1 4 12 8 11 3 9 7 6 
207 1 Eliot 2 12 3 5 8 1 10 9 4 7 6 11 
208 3 Dunster 6 9 8 4 5 12 1 11 3 10 2 7 
209 2 Eliot 5 2 10 6 3 11 4 1 7 12 8 9 
210 2 Currier 8 12 7 2 1 9 5 11 10 4 6 3 
211 6 Dunster 7 11 12 10 1 4 9 8 6 5 2 3 
212 5 Adams 12 11 5 3 9 1 4 6 8 2 10 7 
213 4 Currier 4 5 12 10 7 6 11 3 9 2 1 8 
214 1 Dunster 12 7 4 10 8 11 2 3 5 9 6 1 
215 1 Dunster 9 7 2 1 5 11 8 4 6 10 12 3 
216 2 Lowell 9 1 7 8 10 12 6 3 2 4 5 11 
217 6 Quincy 12 1 3 10 8 11 2 5 9 4 6 7 
218 1 Dunster 9 4 8 5 11 2 3 6 12 1 7 10 
219 5 Cabot 7 5 2 11 8 12 9 6 3 10 4 1 
220 4 Currier 1 11 9 5 12 8 4 3 7 6 2 10 
221 4 Lowell 7 2 9 8 6 10 3 12 5 4 1 11 
222 8 Quincy 6 3 12 9 2 7 8 5 4 1 11 10 
223 3 Winthrop 2 7 10 1 8 12 9 5 4 11 6 3 
224 8 Dunster 11 4 3 8 5 6 9 2 10 7 1 12 
225 6 Winthrop 10 6 12 7 5 4 8 9 11 2 1 3 
226 3 Mather 4 6 11 7 8 2 12 3 5 1 10 9 
227 6 Winthrop 1 7 11 2 4 10 12 9 6 8 3 5 
228 5 Pfoho 8 10 1 6 5 7 2 4 11 3 12 9 
229 8 Cabot 6 4 1 12 11 3 2 9 8 5 10 7 
230 8 Pfoho 4 10 1 11 9 8 7 2 5 3 6 12 
231 1 Leverett 12 4 1 10 8 2 7 5 11 9 6 3 
232 1 Quincy 6 12 1 4 9 5 3 10 11 7 8 2 
233 6 Cabot 1 3 10 6 7 5 12 8 4 2 9 11 
234 3 Eliot 2 8 12 6 11 7 9 1 3 4 10 5 
235 6 Adams 9 7 1 4 5 6 8 11 12 10 2 3 
236 7 Lowell 10 3 1 7 9 2 8 5 12 6 4 11 
237 1 Eliot 2 4 12 11 10 6 5 3 9 7 1 8 
238 8 Cabot 2 1 12 7 5 4 11 9 8 3 10 6 
239 1 Dunster 3 10 2 8 5 12 1 7 6 4 9 11 
240 7 Mather 2 12 11 6 8 5 9 4 7 3 1 10 
241 4 Quincy 7 3 11 12 2 4 1 6 5 10 8 9 
242 6 Pfoho 9 4 3 5 1 2 12 6 10 8 11 7 
243 6 Mather 2 8 3 10 6 9 12 7 11 1 5 4 
244 5 Winthrop 8 10 1 9 5 3 6 11 12 7 4 2 
245 1 Cabot 2 5 3 9 4 1 11 6 8 7 12 10 
246 5 Winthrop 12 4 10 1 9 8 7 3 5 11 6 2 
247 8 Quincy 3 1 7 5 12 2 6 4 8 9 10 11 
248 8 Lowell 3 8 5 4 1 7 11 10 12 2 9 6 
249 2 Quincy 5 8 10 12 1 4 7 3 2 9 11 6 
250 4 Leverett 10 9 3 5 11 12 6 8 7 2 1 4 
251 1 Kirkland 12 5 11 9 8 2 3 7 10 6 4 1 
252 5 Quincy 6 8 5 12 11 4 1 3 7 9 2 10 
253 4 Cabot 3 2 4 12 6 10 8 11 7 1 5 9 
254 3 Leverett 11 1 10 7 12 6 9 4 8 5 2 3 
255 5 Mather 4 8 2 9 3 6 10 7 1 12 11 5 
256 8 Currier 11 6 5 1 7 9 2 3 8 4 12 10 
257 7 Kirkland 9 11 7 6 1 8 5 4 3 10 12 2 
258 5 Lowell 5 7 8 4 12 9 10 1 2 11 3 6 
259 4 Currier 12 1 2 4 10 8 11 9 6 7 3 5 
260 4 Leverett 10 3 8 1 6 2 7 11 5 9 12 4 
261 2 Adams 9 3 11 8 2 12 5 1 10 6 4 7 
262 2 Eliot 3 2 5 9 11 1 4 12 6 10 8 7 
263 3 Winthrop 3 7 8 9 2 6 4 12 5 1 11 10 
264 8 Lowell 4 5 10 1 6 9 7 2 11 12 8 3 
265 3 Mather 7 10 4 9 6 12 3 1 2 5 8 11 
266 3 Currier 1 9 7 12 6 3 5 4 8 11 10 2 
267 2 Pfoho 11 12 1 7 9 5 8 3 6 2 10 4 
268 1 Winthrop 2 1 3 6 5 10 4 11 8 9 7 12 
269 8 Adams 11 5 1 6 12 2 9 10 8 4 7 3 
270 3 Pfoho 5 8 6 10 11 2 1 9 4 3 7 12 
271 3 Dunster 8 4 9 11 1 2 10 7 3 5 12 6 
272 7 Lowell 9 12 7 1 4 6 2 8 3 5 11 10 
273 3 Kirkland 6 3 12 11 4 5 2 8 9 7 1 10 
274 3 Leverett 8 10 1 9 5 4 12 6 3 11 7 2 
275 2 Mather 2 10 6 9 7 5 3 8 12 4 1 11 
276 8 Lowell 4 2 5 6 1 11 3 10 12 9 7 8 
277 8 Pfoho 4 1 10 3 8 2 7 6 9 12 5 11 
278 8 Cabot 1 10 2 3 12 5 11 8 7 6 9 4 
279 5 Mather 10 7 9 11 12 6 5 4 1 8 3 2 
280 5 Cabot 4 9 10 7 2 8 12 1 6 11 3 5 
281 8 Pfoho 8 9 1 4 3 7 10 11 12 6 2 5 
282 1 Winthrop 5 9 10 1 6 4 2 8 3 11 12 7 
283 2 Pfoho 8 7 11 1 2 10 5 4 6 12 3 9 
284 7 Winthrop 12 5 8 7 11 10 2 6 1 4 3 9 
285 5 Leverett 11 4 3 10 9 1 5 2 12 6 7 8 
286 6 Winthrop 2 10 9 12 4 8 1 5 6 3 11 7 
287 1 Mather 6 4 3 2 9 8 12 10 7 1 5 11 
288 3 Quincy 7 4 10 8 12 11 6 9 2 1 5 3 
289 4 Lowell 11 10 1 9 12 7 4 2 6 3 8 5 
290 3 Pfoho 6 10 7 4 9 8 2 12 3 11 5 1 
291 5 Adams 8 4 5 1 10 7 12 3 11 9 2 6 
292 7 Lowell 8 1 3 12 2 7 11 4 9 5 6 10 
293 2 Lowell 9 4 11 3 1 5 8 7 2 10 12 6 
294 1 Pfoho 12 3 9 2 1 11 4 5 10 7 6 8 
295 3 Eliot 9 6 5 10 8 7 12 3 1 4 11 2 
296 3 Cabot 8 11 4 12 9 2 3 6 10 7 5 1 
297 8 Cabot 7 6 12 8 11 2 9 10 1 3 5 4 
298 1 Dunster 8 10 11 2 7 5 12 9 4 3 1 6 
299 3 Pfoho 10 3 7 9 5 8 1 6 2 4 12 11 
300 8 Kirkland 8 9 12 4 7 5 6 2 3 10 11 1 
301 8 Pfoho 1 2 12 10 4 11 3 9 7 8 6 5 
302 2 Adams 11 10 4 1 6 7 9 12 5 8 3 2 
303 6 Mather 12 4 3 11 7 2 5 9 1 8 6 10 
304 4 Quincy 2 5 4 6 10 8 9 7 3 12 11 1 
305 4 Winthrop 1 2 11 4 12 10 8 7 5 9 3 6 
306 4 Leverett 3 10 11 5 1 7 2 12 6 8 4 9 
307 5 Quincy 8 2 3 9 5 10 11 12 1 6 7 4 
308 4 Kirkland 2 9 3 10 7 12 1 4 6 5 8 11 
309 5 Eliot 10 5 9 7 8 2 11 6 3 4 1 12 
310 6 Adams 11 10 9 1 4 6 8 5 2 3 7 12 
311 7 Pfoho 9 11 10 2 12 1 8 5 7 3 4 6 
312 4 Cabot 8 12 5 11 4 6 9 1 3 10 2 7 
313 2 Mather 1 11 8 7 6 9 12 10 5 2 4 3 
314 7 Kirkland 1 6 8 2 4 5 10 11 9 7 12 3 
315 6 Leverett 7 3 10 2 12 11 6 9 5 8 1 4 
316 3 Adams 4 12 10 1 5 11 7 8 6 2 9 3 
317 4 Eliot 5 6 9 1 11 2 3 10 8 7 12 4 
318 6 Adams 4 1 5 8 12 3 9 6 10 7 11 2 
319 3 Pfoho 12 7 5 4 1 8 9 10 11 3 2 6 
320 3 Eliot 12 1 2 6 4 7 5 3 8 11 9 10 
321 4 Eliot 2 7 3 10 1 8 12 4 5 6 11 9 
322 6 Eliot 1 2 5 4 12 6 3 11 8 9 7 10 
323 4 Eliot 6 5 8 10 12 7 3 11 9 2 4 1 
324 3 Leverett 7 12 9 4 2 3 1 8 5 11 6 10 
325 6 Currier 10 8 4 7 12 3 1 5 6 11 9 2 
326 5 Mather 8 7 12 5 4 1 10 6 3 2 9 11 
327 5 Mather 11 12 1 2 10 4 8 3 7 6 5 9 
328 6 Lowell 6 11 3 2 8 5 12 10 7 4 9 1 
329 1 Currier 4 8 9 5 10 6 12 1 7 3 2 11 
330 4 Currier 1 6 4 3 7 5 11 2 12 10 9 8 
331 6 Eliot 4 11 10 2 8 12 5 6 7 1 3 9 
332 6 Cabot 4 5 3 6 12 7 1 9 10 2 8 11 
333 3 Currier 5 1 8 12 6 4 3 2 11 7 9 10 
334 4 Quincy 8 10 2 7 9 1 12 4 11 6 5 3 
335 8 Quincy 2 6 3 11 5 1 9 12 8 4 7 10 
336 3 Lowell 12 2 1 4 5 10 11 7 3 6 9 8 
337 4 Leverett 4 9 1 10 12 8 2 5 11 7 6 3 
338 5 Cabot 5 10 7 3 9 6 8 2 12 11 4 1 
339 7 Eliot 6 12 5 8 4 1 7 3 9 10 11 2 
340 1 Pfoho 12 3 4 11 5 8 2 10 7 1 6 9 
341 2 Adams 6 8 10 4 5 2 1 11 7 3 9 12 
342 6 Pfoho 5 7 9 2 8 10 3 12 11 4 6 1 
343 3 Dunster 5 7 8 2 3 12 6 4 10 11 1 9 
344 8 Pfoho 5 2 6 8 3 4 10 11 1 9 7 12 
345 4 Currier 9 8 2 6 11 4 12 3 5 10 7 1 
346 8 Lowell 9 2 5 8 7 11 12 6 3 4 10 1 
347 5 Leverett 6 1 8 4 5 11 3 9 12 2 10 7 
348 6 Quincy 8 9 12 2 10 7 4 6 3 5 11 1 
349 5 Adams 4 7 10 1 6 9 3 11 2 12 5 8 
350 8 Eliot 5 12 7 1 9 11 8 10 2 6 3 4 
351 7 Currier 6 4 7 2 11 8 12 1 10 5 9 3 
352 7 Pfoho 10 1 9 5 11 7 2 12 8 4 6 3 
353 8 Eliot 5 2 11 6 3 4 8 1 9 12 7 10 
354 7 Cabot 1 10 9 5 11 6 4 3 2 8 7 12 
355 2 Cabot 6 2 11 3 10 12 9 8 7 4 1 5 
356 3 Lowell 9 3 2 12 5 8 7 11 4 1 10 6 
357 7 Kirkland 1 10 12 3 7 4 6 2 8 11 9 5 
358 3 Dunster 4 6 11 3 10 9 5 8 12 2 1 7 
359 5 Currier 11 10 1 9 6 12 2 4 7 5 3 8 
360 6 Kirkland 6 10 11 2 7 1 12 4 8 5 3 9 
361 1 Kirkland 10 5 1 9 11 8 7 3 12 4 6 2 
362 6 Mather 4 5 1 7 12 6 10 11 3 9 2 8 
363 8 Eliot 10 2 5 3 12 1 9 6 11 8 7 4 
364 2 Cabot 11 3 6 4 1 2 7 5 9 8 10 12 
365 6 Dunster 3 2 4 10 12 1 7 5 8 9 11 6 
366 8 Winthrop 7 8 5 6 2 4 10 3 11 9 12 1 
367 2 Cabot 3 8 11 10 4 7 12 5 2 1 6 9 
368 4 Quincy 8 9 1 12 5 2 11 4 10 3 7 6 
369 3 Pfoho 6 1 5 12 2 3 9 8 4 11 10 7 
370 2 Currier 9 12 7 4 6 2 5 10 1 11 3 8 
371 1 Eliot 12 5 7 2 8 10 3 6 4 1 9 11 
372 3 Cabot 7 9 3 1 8 6 2 10 11 12 4 5 
373 6 Lowell 11 7 1 3 9 12 6 5 10 4 2 8 
374 1 Pfoho 10 4 6 12 8 2 7 9 3 11 5 1 
375 5 Eliot 9 3 11 1 4 2 10 5 12 6 8 7 
376 5 Pfoho 5 11 1 7 8 3 9 6 2 12 4 10 
377 7 Mather 10 9 8 4 2 12 7 5 3 6 11 1 
378 4 Eliot 1 5 12 2 8 4 7 10 11 6 9 3 
379 6 Cabot 2 7 4 8 6 3 1 9 12 10 5 11 
380 2 Cabot 7 2 4 9 1 11 10 5 6 8 12 3 
381 7 Currier 8 4 11 7 2 9 3 6 10 12 1 5 
382 2 Leverett 8 7 10 12 5 2 4 3 11 9 6 1 
383 8 Eliot 10 4 5 7 9 6 12 3 1 2 11 8 
384 7 Eliot 5 9 12 11 2 6 3 4 8 7 10 1 
385 8 Mather 5 6 1 8 7 11 12 2 9 10 4 3 
386 8 Kirkland 1 11 8 2 6 9 5 12 7 4 10 3 
387 7 Lowell 10 2 8 12 9 11 4 5 1 6 3 7 
388 7 Lowell 11 9 10 2 1 6 5 4 12 8 3 7 
389 8 Winthrop 3 1 8 10 6 9 4 12 5 11 7 2 
390 3 Pfoho 9 6 2 3 1 7 5 8 4 12 11 10 
391 7 Kirkland 5 9 3 12 8 2 1 7 4 11 6 10 
392 7 Currier 3 2 5 6 4 9 7 1 10 12 11 8 
393 4 Pfoho 4 7 2 10 3 8 12 9 6 11 5 1 
394 4 Currier 7 4 5 8 10 11 3 6 2 1 9 12 
395 5 Winthrop 3 5 11 2 12 8 10 7 6 4 1 9 
396 8 Pfoho 10 5 4 3 1 7 2 8 6 9 11 12 
397 3 Quincy 5 6 4 10 2 12 7 9 11 3 8 1 
398 1 Currier 6 4 5 12 1 11 3 9 2 7 8 10 
399 1 Currier 6 9 4 7 11 1 8 10 5 12 3 2 
