7 Adams 11 7 5 6 9 3 8 10 4 2 12 
4 Kirkland 1 2 9 7 8 4 11 10 5 3 12 
4 Winthrop 11 9 4 8 2 10 6 1 5 7 3 
2 Currier 11 10 2 8 7 1 6 9 4 5 12 
6 Mather 11 10 8 5 12 4 7 6 3 1 2 
8 Leverett 9 1 8 3 12 5 11 2 10 4 6 
6 Lowell 7 4 6 5 1 3 10 12 11 2 9 
3 Adams 11 8 9 7 6 12 5 2 3 4 10 
5 Kirkland 8 11 9 1 2 12 4 7 3 5 10 
3 Currier 7 10 11 12 9 5 6 2 1 4 8 
8 Pfoho 11 4 7 9 6 3 1 5 2 12 8 
1 Lowell 9 1 4 11 12 6 3 10 7 5 2 
1 Dunster 10 12 2 7 9 8 1 11 3 5 6 
5 Mather 6 8 7 3 5 11 1 4 12 10 2 
5 Lowell 2 1 3 5 10 12 4 7 6 11 9 
6 Eliot 11 9 7 4 3 8 2 12 10 6 1 
5 Eliot 9 7 4 2 1 12 8 6 10 11 3 
7 Mather 11 10 6 8 4 2 1 12 3 5 7 
8 Cabot 12 3 4 7 1 11 5 8 6 9 10 
7 Dunster 9 5 10 11 1 12 6 2 8 7 3 
4 Quincy 12 7 10 6 9 4 8 1 2 3 5 
6 Cabot 5 11 6 10 4 1 8 9 7 3 12 
7 Pfoho 6 8 12 4 1 9 7 2 5 11 3 
1 Leverett 10 8 2 3 12 9 11 5 1 6 4 
2 Cabot 7 4 1 10 11 6 8 3 9 5 12 
3 Dunster 11 10 1 8 6 3 5 7 9 2 12 
4 Eliot 10 7 4 11 9 12 3 1 6 8 2 
2 Winthrop 5 10 3 9 4 1 7 2 8 11 6 
3 Quincy 2 3 12 6 1 8 7 5 4 9 10 
3 Eliot 2 9 4 8 12 1 10 11 3 7 6 
4 Pfoho 3 2 1 5 8 9 7 12 11 4 6 
2 Lowell 12 2 3 11 9 1 7 6 10 5 4 
4 Dunster 12 2 9 10 8 5 7 1 11 3 6 
1 Mather 2 11 8 6 7 5 1 12 3 10 4 
7 Pfoho 2 6 12 11 7 8 9 4 5 1 3 
2 Kirkland 10 5 4 1 11 12 8 9 3 7 2 
1 Cabot 5 6 12 11 9 7 10 3 1 4 8 
5 Adams 4 7 5 8 3 2 9 11 10 6 12 
1 Kirkland 5 2 9 12 11 10 3 7 4 1 8 
6 Lowell 6 11 12 4 7 5 2 10 9 3 1 
5 Mather 12 10 6 7 8 5 1 11 3 4 2 
5 Cabot 3 5 10 7 4 8 6 1 9 12 11 
2 Adams 11 8 5 7 12 3 6 10 4 9 2 
1 Dunster 6 11 9 7 1 8 3 5 12 10 2 
1 Quincy 6 9 3 10 1 5 7 12 2 8 4 
2 Kirkland 2 8 3 1 12 11 5 7 4 9 10 
1 Adams 7 4 3 9 2 11 12 10 8 6 5 
7 Pfoho 1 7 3 4 11 5 12 6 9 8 2 
5 Lowell 6 11 3 5 9 7 4 12 1 10 2 
5 Pfoho 8 6 12 11 5 3 2 1 7 9 4 
4 Adams 6 9 5 4 7 3 8 2 11 12 10 
4 Leverett 12 1 9 8 2 3 4 6 5 10 11 
7 Adams 4 2 3 11 10 9 6 7 8 5 12 
5 Eliot 2 11 9 4 1 7 10 3 8 12 6 
7 Pfoho 1 6 11 5 7 12 3 8 4 9 2 
7 Eliot 9 12 3 1 10 11 2 7 4 6 8 
5 Adams 9 4 7 10 2 12 5 11 8 6 3 
8 Pfoho 1 11 7 3 4 12 6 8 9 5 2 
4 Leverett 1 3 4 9 8 2 5 6 10 12 11 
7 Leverett 3 10 9 1 6 4 12 5 8 11 2 
6 Kirkland 11 9 3 2 8 12 4 7 5 1 10 
6 Leverett 2 11 1 9 6 4 3 8 10 12 5 
3 Quincy 12 7 2 1 10 6 3 9 5 8 4 
4 Eliot 1 11 10 4 3 2 6 8 9 12 7 
8 Dunster 1 10 12 11 8 7 6 9 5 3 2 
3 Quincy 12 3 10 7 5 2 8 6 4 1 9 
4 Cabot 9 11 8 12 4 1 7 5 3 6 10 
5 Currier 10 1 6 2 12 4 5 8 11 7 9 
3 Currier 5 11 4 2 12 10 8 7 1 6 9 
7 Leverett 12 1 3 11 4 6 8 2 5 10 9 
3 Pfoho 6 2 8 5 11 9 4 3 1 12 7 
8 Dunster 11 10 6 12 9 2 5 3 1 8 7 
4 Kirkland 12 1 7 10 11 8 5 2 3 4 9 
8 Currier 6 5 12 9 10 2 1 4 8 7 11 
6 Pfoho 5 4 11 1 7 12 9 3 2 6 8 
8 Winthrop 5 3 11 6 4 9 1 2 7 10 8 
3 Adams 10 11 9 3 4 12 8 5 7 6 2 
6 Eliot 12 7 1 11 2 6 3 4 8 10 9 
1 Currier 5 12 1 2 8 6 9 4 11 10 7 
2 Quincy 9 12 4 5 1 8 2 10 6 3 7 
4 Quincy 7 4 12 3 2 1 8 6 5 9 10 
7 Kirkland 8 7 10 12 3 1 5 9 4 2 11 
8 Leverett 4 2 8 6 3 1 5 11 9 12 10 
5 Winthrop 10 11 3 4 9 8 7 1 5 2 6 
7 Dunster 1 9 12 10 7 3 11 6 8 5 2 
5 Currier 9 6 5 1 11 2 8 7 10 12 4 
3 Kirkland 11 9 4 3 5 8 10 7 2 12 1 
2 Eliot 7 3 1 4 9 6 12 8 11 10 2 
7 Lowell 6 11 7 3 10 4 5 2 1 9 12 
8 Cabot 10 1 5 7 11 12 6 8 3 9 4 
4 Cabot 6 11 8 3 5 7 1 9 12 10 4 
7 Currier 4 2 5 6 12 1 7 10 11 9 8 
4 Mather 3 2 7 8 4 10 11 12 5 1 6 
7 Lowell 3 11 10 9 12 6 2 5 1 7 4 
1 Lowell 5 9 11 6 4 2 12 10 7 3 1 
4 Leverett 5 6 12 9 10 2 8 3 11 4 1 
7 Eliot 6 9 2 10 12 4 11 3 7 8 1 
3 Lowell 7 6 9 4 1 3 10 12 5 11 2 
8 Eliot 4 1 2 3 7 6 11 8 9 12 10 
2 Currier 2 6 7 10 5 9 4 11 8 1 12 
