0 1 ['Pfoho'] 3 12 2 1 9 5 6 10 4 11 8 7 
1 5 ['Pfoho'] 10 11 1 8 9 12 7 3 4 6 2 5 
2 6 ['Eliot'] 6 12 4 9 8 7 3 5 10 11 1 2 
3 6 ['Mather'] 6 10 11 12 1 7 4 8 5 2 9 3 
4 5 ['Kirkland'] 12 11 8 4 2 1 9 3 10 6 7 5 
5 4 ['Currier'] 12 11 10 8 2 4 7 1 3 6 5 9 
6 4 ['Eliot'] 12 4 6 1 11 2 5 8 9 7 10 3 
7 4 ['Eliot'] 7 11 3 1 9 8 2 6 12 10 5 4 
8 8 ['Mather'] 3 12 5 10 8 4 1 9 2 11 6 7 
9 7 ['Winthrop'] 7 10 3 11 4 6 5 9 2 8 12 1 
10 3 ['Mather'] 7 11 6 10 12 5 1 4 9 3 2 8 
11 8 ['Winthrop'] 1 5 4 7 11 6 8 12 9 3 10 2 
12 7 ['Eliot'] 8 11 2 3 1 7 9 10 6 4 12 5 
13 3 ['Cabot'] 7 6 4 2 8 9 5 1 10 11 3 12 
14 1 ['Eliot'] 3 12 11 8 9 6 5 2 10 1 4 7 
15 5 ['Quincy'] 1 12 7 3 6 8 11 2 5 9 10 4 
16 7 ['Lowell'] 2 11 12 9 5 3 6 4 10 7 8 1 
17 7 ['Lowell'] 11 6 1 3 4 2 5 8 12 10 9 7 
18 1 ['Mather'] 10 2 8 1 12 9 5 4 11 7 6 3 
19 3 ['Winthrop'] 2 4 7 5 11 9 3 8 1 10 12 6 
20 3 ['Currier'] 10 4 7 9 12 1 5 6 2 8 3 11 
21 1 ['Dunster'] 1 10 11 12 4 5 2 8 6 7 9 3 
22 1 ['Quincy'] 5 11 7 10 9 4 1 12 3 8 6 2 
23 6 ['Quincy'] 6 12 1 4 9 7 10 11 3 2 8 5 
24 1 ['Winthrop'] 3 12 11 1 9 8 6 4 7 10 5 2 
25 6 ['Winthrop'] 12 11 9 6 2 3 10 8 1 7 5 4 
26 7 ['Adams'] 4 3 9 2 7 12 1 11 10 8 5 6 
27 1 ['Currier'] 11 10 4 8 5 1 7 6 12 3 2 9 
28 6 ['Mather'] 9 11 5 1 7 12 6 4 2 8 3 10 
29 3 ['Adams'] 8 9 12 3 1 6 2 7 10 4 5 11 
30 7 ['Currier'] 5 1 12 7 3 9 11 6 10 4 8 2 
31 4 ['Adams'] 8 10 1 7 9 4 6 11 5 2 3 12 
32 7 ['Dunster'] 7 10 8 9 6 4 5 2 12 1 3 11 
33 8 ['Pfoho'] 2 7 4 11 10 5 3 6 9 12 8 1 
34 2 ['Cabot'] 1 5 3 11 8 7 12 4 6 10 2 9 
35 1 ['Quincy'] 2 11 9 8 10 7 6 5 4 3 12 1 
36 2 ['Adams'] 11 4 8 10 9 2 3 7 5 6 12 1 
37 4 ['Dunster'] 3 8 6 4 1 11 9 5 10 12 7 2 
38 1 ['Dunster'] 5 4 1 3 11 7 12 2 8 9 6 10 
39 5 ['Mather'] 1 12 11 6 7 4 2 3 5 9 10 8 
40 4 ['Kirkland'] 3 12 5 10 2 4 11 6 8 7 9 1 
41 4 ['Adams'] 2 8 11 3 5 9 10 7 6 4 1 12 
42 8 ['Cabot'] 1 5 2 8 4 7 12 10 9 11 3 6 
43 5 ['Kirkland'] 2 6 8 10 4 9 12 3 5 1 11 7 
44 3 ['Mather'] 3 5 11 7 12 1 2 10 6 9 8 4 
45 1 ['Dunster'] 1 12 2 6 10 9 4 8 5 7 3 11 
46 8 ['Pfoho'] 1 4 6 8 3 7 5 10 11 2 12 9 
47 4 ['Lowell'] 8 1 10 4 9 2 6 3 5 11 7 12 
48 8 ['Winthrop'] 8 3 6 7 11 10 2 9 1 4 12 5 
49 5 ['Cabot'] 1 2 4 12 8 10 7 3 9 5 11 6 
50 1 ['Eliot'] 7 5 9 3 11 6 4 1 2 10 8 12 
51 7 ['Kirkland'] 11 8 5 2 7 12 1 3 9 4 10 6 
52 7 ['Eliot'] 3 5 9 10 6 11 12 2 7 1 8 4 
53 5 ['Dunster'] 6 5 8 11 9 10 3 2 4 12 1 7 
54 1 ['Leverett'] 12 6 3 8 7 1 9 11 4 10 2 5 
55 5 ['Adams'] 10 3 5 1 7 2 11 6 12 9 4 8 
56 7 ['Adams'] 7 5 12 10 6 4 8 11 3 9 2 1 
57 2 ['Currier'] 9 7 8 6 4 12 2 1 5 10 3 11 
58 5 ['Kirkland'] 11 10 9 6 1 8 3 5 12 4 7 2 
59 2 ['Quincy'] 7 9 10 8 11 5 2 3 12 4 6 1 
60 4 ['Kirkland'] 11 8 5 12 4 3 10 9 2 7 1 6 
61 1 ['Dunster'] 6 8 7 3 12 4 9 1 10 11 2 5 
62 6 ['Lowell'] 4 10 3 1 7 12 6 2 11 9 5 8 
63 5 ['Winthrop'] 11 4 6 9 3 10 5 7 12 2 8 1 
64 7 ['Lowell'] 7 2 1 5 6 10 8 12 11 9 3 4 
65 6 ['Pfoho'] 5 8 7 6 2 10 12 1 3 9 4 11 
66 2 ['Dunster'] 7 1 12 11 8 3 2 5 4 6 9 10 
67 7 ['Leverett'] 12 9 2 7 8 6 3 5 1 10 11 4 
68 5 ['Kirkland'] 9 3 7 5 10 8 12 2 11 6 1 4 
69 3 ['Winthrop'] 5 12 10 9 3 7 4 1 11 6 8 2 
70 4 ['Kirkland'] 5 6 3 11 1 7 2 9 12 8 4 10 
71 7 ['Currier'] 2 9 4 10 11 7 5 1 6 12 3 8 
72 8 ['Mather'] 4 10 11 1 3 7 6 5 12 2 8 9 
73 3 ['Quincy'] 4 8 10 2 5 7 9 1 6 12 11 3 
74 2 ['Pfoho'] 10 11 1 6 4 7 9 12 5 2 3 8 
75 5 ['Adams'] 11 12 5 4 10 8 1 9 6 3 2 7 
76 7 ['Dunster'] 10 8 2 12 1 7 3 6 5 11 9 4 
77 7 ['Eliot'] 1 6 5 7 2 10 9 8 11 4 3 12 
78 3 ['Quincy'] 10 9 3 8 1 6 5 4 2 12 11 7 
79 6 ['Quincy'] 3 10 11 9 1 6 7 4 2 8 12 5 
80 2 ['Kirkland'] 3 5 8 9 7 4 6 2 12 1 11 10 
81 4 ['Kirkland'] 3 7 10 12 6 2 8 5 1 4 9 11 
82 6 ['Mather'] 4 1 10 2 6 5 12 11 3 7 9 8 
83 2 ['Dunster'] 4 2 11 7 8 9 5 10 12 6 3 1 
84 7 ['Pfoho'] 5 2 11 12 6 8 3 9 7 1 10 4 
85 3 ['Kirkland'] 6 2 5 1 11 12 4 7 9 8 3 10 
86 1 ['Currier'] 5 9 3 6 7 11 1 2 10 4 12 8 
87 7 ['Eliot'] 2 1 11 8 9 6 7 3 10 12 4 5 
88 7 ['Currier'] 7 4 11 1 6 10 2 12 3 9 5 8 
89 7 ['Currier'] 5 10 7 8 9 6 2 4 11 12 1 3 
90 7 ['Dunster'] 11 9 7 1 4 2 12 8 10 6 5 3 
91 5 ['Lowell'] 12 2 1 7 5 8 3 9 10 4 6 11 
92 4 ['Leverett'] 7 2 12 6 9 11 5 10 8 3 1 4 
93 7 ['Dunster'] 2 8 7 4 5 11 10 1 12 9 6 3 
94 3 ['Pfoho'] 9 10 3 12 5 2 11 4 6 8 7 1 
95 5 ['Quincy'] 7 3 1 11 2 4 6 5 12 9 8 10 
96 5 ['Winthrop'] 6 10 11 2 4 8 9 12 5 3 7 1 
97 7 ['Currier'] 7 10 12 4 1 9 2 8 5 6 3 11 
98 2 ['Currier'] 6 5 3 7 4 9 12 10 11 8 2 1 
99 2 ['Lowell'] 11 12 9 4 2 6 3 1 7 10 5 8 
100 8 ['Kirkland'] 9 2 4 6 1 7 8 11 3 5 12 10 
101 2 ['Lowell'] 10 4 7 5 3 9 11 12 8 1 2 6 
102 8 ['Adams'] 8 6 7 3 1 12 5 10 11 2 9 4 
103 8 ['Eliot'] 1 11 8 3 9 6 12 7 2 5 10 4 
104 6 ['Adams'] 11 3 7 2 4 9 1 10 8 6 5 12 
105 5 ['Quincy'] 6 1 11 9 7 3 10 8 12 5 4 2 
106 1 ['Leverett'] 10 3 9 5 6 7 1 12 2 4 8 11 
107 6 ['Dunster'] 11 2 9 8 12 3 7 6 4 10 5 1 
108 1 ['Leverett'] 6 2 10 7 8 3 1 4 9 12 5 11 
109 4 ['Lowell'] 7 4 5 1 9 6 2 3 10 11 12 8 
110 8 ['Kirkland'] 10 5 3 9 12 11 1 2 8 6 4 7 
111 2 ['Cabot'] 4 10 5 3 7 11 2 6 12 9 8 1 
112 4 ['Cabot'] 11 1 8 4 9 10 3 6 5 12 2 7 
113 3 ['Lowell'] 12 3 4 10 2 5 7 6 9 11 1 8 
114 4 ['Leverett'] 9 5 1 10 2 6 3 7 12 11 8 4 
115 6 ['Winthrop'] 10 8 5 12 6 9 7 2 4 1 3 11 
116 7 ['Currier'] 4 9 10 7 8 11 1 2 12 5 3 6 
117 6 ['Leverett'] 7 2 6 9 12 5 10 8 1 3 4 11 
118 8 ['Currier'] 8 7 11 3 10 4 9 12 5 6 1 2 
119 6 ['Eliot'] 11 2 7 1 8 5 12 10 3 6 4 9 
120 2 ['Leverett'] 8 6 11 5 2 4 7 12 10 1 9 3 
121 5 ['Winthrop'] 1 11 4 7 8 5 9 10 12 3 6 2 
122 6 ['Quincy'] 12 7 5 9 6 1 2 8 4 11 10 3 
123 5 ['Mather'] 1 2 7 8 9 6 3 4 5 11 12 10 
124 3 ['Currier'] 6 7 2 4 9 5 3 10 11 12 8 1 
125 2 ['Pfoho'] 5 12 7 6 11 1 2 8 3 10 9 4 
126 3 ['Pfoho'] 3 9 12 11 8 7 4 6 10 1 5 2 
127 1 ['Cabot'] 8 11 12 10 6 7 4 2 3 9 5 1 
128 6 ['Cabot'] 3 8 6 2 11 1 7 4 10 9 12 5 
129 3 ['Dunster'] 12 8 4 9 7 5 10 1 11 2 3 6 
130 2 ['Pfoho'] 8 1 12 3 4 7 11 2 6 5 10 9 
131 3 ['Adams'] 8 3 11 12 1 5 9 7 4 10 6 2 
132 4 ['Adams'] 1 6 2 8 12 7 3 9 4 11 10 5 
133 1 ['Eliot'] 7 1 10 4 12 6 2 11 5 3 9 8 
134 3 ['Kirkland'] 2 1 7 3 8 11 5 9 4 10 6 12 
135 8 ['Mather'] 7 6 12 11 4 2 10 9 3 8 5 1 
136 1 ['Cabot'] 12 1 6 7 10 9 11 8 3 4 2 5 
137 1 ['Eliot'] 9 12 2 7 8 3 4 10 5 6 1 11 
138 3 ['Winthrop'] 10 9 4 3 12 11 5 2 8 6 1 7 
139 5 ['Winthrop'] 7 11 12 2 8 9 10 3 5 1 6 4 
140 4 ['Pfoho'] 11 6 7 12 8 3 4 5 9 1 2 10 
141 7 ['Adams'] 7 8 10 11 12 4 2 6 5 1 3 9 
142 1 ['Cabot'] 2 11 7 12 6 3 5 8 1 10 4 9 
143 8 ['Winthrop'] 7 1 4 12 2 11 8 9 5 6 3 10 
144 5 ['Currier'] 11 2 7 12 10 3 1 4 5 6 8 9 
145 3 ['Currier'] 3 12 11 8 6 9 4 2 7 5 1 10 
146 8 ['Quincy'] 7 9 3 6 4 1 5 10 11 8 12 2 
147 1 ['Quincy'] 2 5 7 11 12 4 3 10 9 1 8 6 
148 8 ['Pfoho'] 9 3 5 10 8 6 4 12 2 7 1 11 
149 7 ['Leverett'] 4 5 7 3 9 10 1 8 12 11 2 6 
150 4 ['Leverett'] 4 10 3 8 2 7 1 11 6 9 5 12 
151 7 ['Lowell'] 4 9 5 10 7 8 12 6 3 2 1 11 
152 4 ['Kirkland'] 11 1 5 4 2 8 12 7 6 9 3 10 
153 7 ['Adams'] 4 5 3 11 6 7 2 10 8 12 9 1 
154 2 ['Quincy'] 3 8 5 1 2 12 11 4 6 10 7 9 
155 1 ['Leverett'] 8 6 9 2 4 1 7 12 11 10 5 3 
156 4 ['Lowell'] 7 5 8 3 4 1 2 10 11 9 6 12 
157 2 ['Adams'] 8 6 10 1 2 7 5 3 11 9 12 4 
158 4 ['Leverett'] 2 12 6 7 8 3 9 5 10 4 11 1 
159 6 ['Lowell'] 4 6 9 8 11 5 12 7 3 1 2 10 
160 5 ['Pfoho'] 6 1 8 10 9 12 2 4 3 7 11 5 
161 5 ['Quincy'] 11 2 9 5 10 1 8 4 3 6 7 12 
162 4 ['Leverett'] 10 6 2 5 4 12 1 7 9 3 11 8 
163 4 ['Quincy'] 12 8 10 3 11 7 2 5 4 1 9 6 
164 5 ['Currier'] 5 9 8 4 1 2 10 11 6 3 12 7 
165 7 ['Pfoho'] 8 10 6 2 9 11 7 12 1 4 3 5 
166 8 ['Eliot'] 1 2 11 5 10 9 12 7 6 3 8 4 
167 7 ['Pfoho'] 5 6 8 7 9 4 12 10 11 2 1 3 
168 8 ['Winthrop'] 8 7 12 1 4 11 10 2 3 6 9 5 
169 4 ['Winthrop'] 2 3 4 1 8 6 11 10 7 9 12 5 
170 4 ['Pfoho'] 7 4 11 1 3 2 12 6 9 5 10 8 
171 6 ['Mather'] 2 3 11 1 8 5 12 4 7 10 6 9 
172 4 ['Winthrop'] 3 6 7 1 5 10 11 2 9 4 12 8 
173 3 ['Currier'] 3 7 9 5 2 11 10 4 6 1 8 12 
174 3 ['Pfoho'] 5 10 11 2 7 4 9 12 3 6 1 8 
175 5 ['Adams'] 1 7 11 4 6 8 10 3 12 2 9 5 
176 6 ['Quincy'] 10 1 7 4 6 9 11 2 8 3 12 5 
177 8 ['Adams'] 1 11 9 7 12 2 3 6 5 8 4 10 
178 1 ['Eliot'] 11 6 8 3 9 5 7 12 2 10 1 4 
179 2 ['Kirkland'] 7 10 4 9 1 3 11 2 12 5 6 8 
180 5 ['Quincy'] 3 6 10 7 11 8 9 12 5 2 4 1 
181 6 ['Dunster'] 12 10 8 2 6 11 7 9 4 1 5 3 
182 5 ['Kirkland'] 10 5 7 9 12 11 6 1 2 4 8 3 
183 3 ['Mather'] 1 10 11 9 3 12 2 6 4 5 7 8 
184 4 ['Currier'] 5 1 7 12 6 11 2 8 10 9 4 3 
185 4 ['Winthrop'] 3 5 4 9 11 7 1 8 2 10 12 6 
186 2 ['Currier'] 12 9 2 4 1 7 8 11 10 3 6 5 
187 8 ['Leverett'] 8 10 5 3 6 1 9 11 4 2 12 7 
188 6 ['Lowell'] 10 3 8 7 2 4 9 11 12 1 5 6 
189 3 ['Lowell'] 5 2 10 3 4 9 11 1 12 7 6 8 
190 2 ['Mather'] 12 6 9 2 7 1 5 8 4 11 3 10 
191 8 ['Leverett'] 2 5 11 1 7 10 4 9 8 6 3 12 
192 6 ['Pfoho'] 7 8 6 4 5 1 9 10 12 2 3 11 
193 3 ['Mather'] 9 8 3 1 2 10 5 4 12 7 11 6 
194 3 ['Dunster'] 8 5 4 12 1 10 11 3 6 9 7 2 
195 1 ['Quincy'] 8 7 1 11 4 3 5 6 10 2 9 12 
196 1 ['Leverett'] 7 5 2 9 3 1 8 11 4 10 12 6 
197 5 ['Winthrop'] 2 4 8 1 6 3 9 7 11 12 5 10 
198 4 ['Pfoho'] 4 7 9 8 1 5 10 2 12 6 3 11 
199 7 ['Pfoho'] 4 10 5 2 9 6 11 1 7 3 12 8 
200 6 ['Cabot'] 2 11 3 6 4 10 7 12 9 1 5 8 
201 3 ['Dunster'] 9 2 5 7 8 11 12 3 4 1 10 6 
202 3 ['Winthrop'] 12 2 11 8 3 5 4 6 7 10 1 9 
203 4 ['Eliot'] 4 7 1 11 10 5 9 3 12 2 8 6 
204 7 ['Pfoho'] 11 3 10 7 4 2 9 8 6 5 12 1 
205 8 ['Dunster'] 6 12 3 10 2 4 1 9 7 5 8 11 
206 1 ['Currier'] 2 12 10 8 1 4 7 11 9 5 3 6 
207 3 ['Kirkland'] 12 1 3 2 7 6 9 8 10 5 4 11 
208 1 ['Kirkland'] 8 3 12 11 7 6 5 9 2 4 1 10 
209 4 ['Leverett'] 5 10 9 6 11 1 4 8 3 7 12 2 
210 2 ['Leverett'] 1 8 9 2 11 10 7 6 4 5 3 12 
211 7 ['Mather'] 7 3 1 5 2 4 6 9 8 10 11 12 
212 5 ['Kirkland'] 6 9 3 5 12 7 2 4 11 10 1 8 
213 3 ['Dunster'] 9 8 11 6 10 4 5 12 3 7 1 2 
214 2 ['Dunster'] 6 1 9 8 5 4 2 10 7 12 3 11 
215 6 ['Cabot'] 8 12 7 5 9 3 4 6 10 11 1 2 
216 4 ['Mather'] 10 11 2 9 12 8 7 4 1 5 3 6 
217 5 ['Dunster'] 5 1 8 4 6 10 9 2 12 11 7 3 
218 8 ['Winthrop'] 2 8 5 10 12 7 3 4 6 1 9 11 
219 8 ['Kirkland'] 12 6 5 7 2 4 9 1 8 10 11 3 
220 2 ['Pfoho'] 1 5 8 11 2 12 6 10 9 7 3 4 
221 2 ['Leverett'] 4 8 9 1 7 10 6 2 11 3 12 5 
222 7 ['Quincy'] 2 12 3 8 7 4 6 5 10 9 1 11 
223 4 ['Lowell'] 6 4 12 1 2 5 3 10 11 7 9 8 
224 7 ['Eliot'] 8 11 9 6 5 4 7 3 2 1 12 10 
225 4 ['Quincy'] 10 2 9 12 6 3 7 5 11 8 1 4 
226 7 ['Winthrop'] 10 11 4 5 2 1 6 9 8 12 7 3 
227 6 ['Lowell'] 2 9 7 12 11 8 6 4 1 10 5 3 
228 8 ['Quincy'] 6 5 9 2 7 10 11 3 4 8 1 12 
229 6 ['Cabot'] 8 1 10 11 3 12 9 6 4 2 5 7 
230 5 ['Eliot'] 11 7 9 8 6 1 4 10 2 3 12 5 
231 8 ['Lowell'] 5 1 10 9 12 3 4 2 7 6 11 8 
232 7 ['Lowell'] 7 4 3 11 6 1 10 12 8 2 9 5 
233 5 ['Quincy'] 10 5 11 1 6 2 9 4 7 12 3 8 
234 6 ['Eliot'] 2 4 10 7 9 6 5 3 8 1 11 12 
235 5 ['Lowell'] 6 1 10 12 4 11 9 2 7 5 8 3 
236 7 ['Eliot'] 12 5 3 7 9 1 11 4 8 10 2 6 
237 2 ['Kirkland'] 12 8 1 10 2 5 9 3 4 6 11 7 
238 8 ['Leverett'] 11 7 1 6 3 4 9 8 12 5 10 2 
239 1 ['Cabot'] 4 6 7 3 2 10 5 8 11 9 1 12 
240 6 ['Winthrop'] 3 6 7 2 8 9 5 10 12 1 11 4 
241 6 ['Eliot'] 9 10 2 8 6 7 1 5 3 11 4 12 
242 3 ['Dunster'] 7 4 2 10 1 5 8 9 6 3 11 12 
243 1 ['Currier'] 10 1 5 9 4 12 6 8 3 7 11 2 
244 5 ['Eliot'] 10 4 9 3 11 12 2 7 5 8 1 6 
245 5 ['Currier'] 9 5 7 10 6 1 8 3 12 11 2 4 
246 4 ['Winthrop'] 1 12 3 9 8 6 4 11 2 5 10 7 
247 3 ['Winthrop'] 2 7 6 4 11 5 3 1 9 10 12 8 
248 7 ['Pfoho'] 11 1 12 3 4 9 10 8 5 2 7 6 
249 7 ['Lowell'] 7 12 3 6 11 10 9 8 4 1 2 5 
250 6 ['Quincy'] 7 4 8 2 12 5 1 10 11 9 3 6 
251 8 ['Kirkland'] 2 10 6 12 3 1 8 9 4 5 11 7 
252 6 ['Dunster'] 1 2 4 5 6 7 10 8 11 12 3 9 
253 6 ['Winthrop'] 3 9 11 4 5 8 1 7 12 6 10 2 
254 5 ['Kirkland'] 5 1 10 7 9 12 4 3 2 8 11 6 
255 1 ['Mather'] 7 11 10 12 1 8 3 9 6 2 5 4 
256 3 ['Cabot'] 4 7 5 12 3 9 1 2 6 8 10 11 
257 8 ['Winthrop'] 8 2 12 11 6 1 9 5 7 10 3 4 
258 1 ['Pfoho'] 10 8 3 7 9 4 1 5 2 12 6 11 
259 5 ['Dunster'] 7 2 4 5 6 8 12 11 3 9 10 1 
260 1 ['Kirkland'] 8 1 10 11 6 2 3 12 7 5 4 9 
261 5 ['Currier'] 1 6 8 7 10 5 3 9 11 2 4 12 
262 1 ['Adams'] 1 8 7 9 5 10 2 6 12 11 4 3 
263 7 ['Currier'] 3 4 10 11 9 5 1 12 7 8 6 2 
264 6 ['Cabot'] 7 11 8 12 4 3 5 6 9 10 1 2 
265 7 ['Dunster'] 11 6 3 12 9 1 2 7 8 4 5 10 
266 2 ['Currier'] 12 2 11 5 4 3 6 10 1 8 7 9 
267 1 ['Currier'] 10 6 2 5 1 11 4 7 9 8 3 12 
268 2 ['Cabot'] 12 7 1 2 9 4 10 5 6 11 3 8 
269 7 ['Quincy'] 12 10 8 5 3 7 4 2 6 11 1 9 
270 1 ['Quincy'] 4 11 1 12 8 3 6 7 9 5 2 10 
271 4 ['Leverett'] 2 6 4 8 3 9 7 5 1 12 11 10 
272 8 ['Pfoho'] 10 5 4 3 12 6 9 2 8 11 1 7 
273 2 ['Kirkland'] 12 8 9 5 4 11 7 2 3 1 6 10 
274 4 ['Quincy'] 4 3 2 5 12 8 6 10 9 1 7 11 
275 3 ['Winthrop'] 5 12 3 8 6 4 2 7 11 9 10 1 
276 7 ['Pfoho'] 10 7 8 5 9 4 2 3 11 12 6 1 
277 5 ['Mather'] 12 8 11 4 6 7 10 1 3 2 9 5 
278 8 ['Quincy'] 2 8 1 7 12 6 3 9 4 5 11 10 
279 5 ['Cabot'] 11 4 3 6 10 8 5 2 9 1 12 7 
280 6 ['Leverett'] 1 5 8 6 2 7 3 11 10 9 12 4 
281 2 ['Adams'] 5 2 7 3 9 10 11 6 4 1 12 8 
282 5 ['Currier'] 1 11 7 12 9 6 10 4 3 5 2 8 
283 1 ['Lowell'] 12 9 6 4 10 3 1 5 8 11 2 7 
284 2 ['Mather'] 3 12 10 4 8 6 11 7 1 2 9 5 
285 7 ['Kirkland'] 5 4 12 1 8 2 6 9 7 3 10 11 
286 1 ['Adams'] 9 11 1 3 7 10 8 4 6 12 2 5 
287 4 ['Winthrop'] 8 6 5 1 7 4 2 3 11 12 10 9 
288 4 ['Lowell'] 9 1 4 3 6 10 2 11 7 5 8 12 
289 5 ['Adams'] 10 2 11 9 12 8 1 6 5 3 7 4 
290 6 ['Currier'] 6 8 3 5 1 11 9 4 12 7 10 2 
291 3 ['Pfoho'] 10 11 2 7 9 12 5 4 1 8 6 3 
292 4 ['Pfoho'] 12 7 6 2 10 4 1 9 8 5 3 11 
293 6 ['Cabot'] 10 8 12 2 9 1 11 3 5 6 4 7 
294 4 ['Leverett'] 12 8 2 11 6 7 9 10 1 5 4 3 
295 5 ['Winthrop'] 5 6 4 8 9 7 3 12 10 1 2 11 
296 8 ['Lowell'] 11 10 7 1 4 9 2 8 3 6 12 5 
297 7 ['Pfoho'] 8 7 9 10 6 3 4 2 5 11 12 1 
298 8 ['Pfoho'] 5 12 7 11 10 2 6 8 9 1 4 3 
299 5 ['Eliot'] 9 5 10 8 12 11 1 4 2 7 3 6 
300 3 ['Dunster'] 2 1 8 10 5 12 11 6 4 7 9 3 
301 3 ['Mather'] 5 3 7 9 1 11 4 8 12 2 10 6 
302 3 ['Leverett'] 6 1 3 12 10 2 9 7 11 8 5 4 
303 3 ['Mather'] 3 11 6 9 2 1 4 7 5 10 12 8 
304 5 ['Cabot'] 6 10 8 1 11 3 9 2 12 7 4 5 
305 1 ['Leverett'] 7 3 2 8 10 4 9 12 6 1 11 5 
306 8 ['Dunster'] 5 7 6 2 9 12 10 3 1 11 8 4 
307 2 ['Eliot'] 7 3 6 4 5 11 1 9 12 2 10 8 
308 1 ['Leverett'] 5 12 9 1 8 4 7 11 2 6 3 10 
309 5 ['Kirkland'] 10 5 6 9 8 7 4 2 1 12 3 11 
310 3 ['Winthrop'] 7 12 3 2 6 4 8 9 10 1 5 11 
311 7 ['Dunster'] 1 9 10 12 11 2 4 5 7 3 6 8 
312 4 ['Pfoho'] 8 9 6 1 7 12 4 11 3 5 2 10 
313 4 ['Lowell'] 10 1 6 2 8 5 7 12 11 9 3 4 
314 5 ['Dunster'] 11 8 12 1 7 5 2 3 6 9 10 4 
315 2 ['Winthrop'] 12 10 11 8 9 5 4 2 3 1 7 6 
316 3 ['Lowell'] 1 10 8 11 3 9 12 5 6 4 7 2 
317 6 ['Quincy'] 2 3 11 7 5 10 4 9 12 6 1 8 
318 6 ['Eliot'] 8 11 7 6 2 3 5 9 10 4 12 1 
319 3 ['Pfoho'] 10 5 6 1 11 2 8 4 12 7 9 3 
320 2 ['Cabot'] 12 8 11 9 6 4 5 1 3 2 7 10 
321 1 ['Lowell'] 8 12 7 3 10 1 6 9 4 2 5 11 
322 8 ['Adams'] 7 3 11 8 9 5 12 10 4 1 6 2 
323 3 ['Adams'] 1 9 4 7 2 6 11 12 3 8 10 5 
324 3 ['Lowell'] 2 11 3 4 1 9 6 8 12 7 5 10 
325 4 ['Eliot'] 2 7 4 6 11 9 10 8 5 12 3 1 
326 4 ['Currier'] 10 1 7 2 4 5 3 8 11 6 12 9 
327 5 ['Lowell'] 10 8 3 9 2 7 12 6 5 4 11 1 
328 6 ['Eliot'] 2 11 6 10 5 8 1 4 12 9 3 7 
329 1 ['Pfoho'] 2 8 4 7 5 12 6 3 9 11 1 10 
330 3 ['Cabot'] 7 12 6 1 5 2 3 9 10 8 11 4 
331 6 ['Lowell'] 6 8 7 9 3 12 10 11 2 4 1 5 
332 7 ['Pfoho'] 2 3 8 10 4 5 1 6 9 12 11 7 
333 4 ['Kirkland'] 4 10 1 11 8 12 5 7 9 3 6 2 
334 2 ['Kirkland'] 2 7 5 6 8 3 10 9 11 4 1 12 
335 1 ['Lowell'] 4 8 6 5 11 12 9 10 3 7 1 2 
336 2 ['Winthrop'] 9 10 12 7 1 11 8 3 2 5 6 4 
337 2 ['Pfoho'] 7 6 8 12 2 10 9 1 3 5 11 4 
338 1 ['Pfoho'] 8 1 5 4 12 9 2 3 10 6 11 7 
339 3 ['Currier'] 12 5 9 6 10 3 11 1 8 2 4 7 
340 5 ['Lowell'] 10 7 5 1 12 11 6 3 4 9 2 8 
341 1 ['Lowell'] 9 2 8 6 7 11 4 1 5 12 10 3 
342 1 ['Dunster'] 11 10 7 6 12 3 9 5 8 4 2 1 
343 4 ['Adams'] 11 7 1 6 9 5 2 8 10 12 4 3 
344 2 ['Pfoho'] 1 5 3 7 10 6 8 4 2 12 9 11 
345 4 ['Winthrop'] 3 11 5 10 4 1 12 8 7 6 9 2 
346 4 ['Cabot'] 10 5 11 2 1 7 6 9 8 12 4 3 
347 1 ['Adams'] 10 7 9 8 2 5 4 1 6 12 3 11 
348 3 ['Winthrop'] 9 3 4 8 1 5 10 6 7 11 2 12 
349 4 ['Adams'] 8 12 5 7 2 4 3 1 10 6 11 9 
350 2 ['Lowell'] 10 4 12 11 3 9 1 7 2 5 8 6 
351 5 ['Currier'] 3 12 2 11 7 10 6 1 5 4 8 9 
352 5 ['Adams'] 7 6 3 9 4 8 11 12 10 1 2 5 
353 1 ['Eliot'] 1 6 12 8 11 4 3 10 2 7 9 5 
354 2 ['Kirkland'] 3 5 11 8 7 1 12 6 9 10 2 4 
355 6 ['Quincy'] 12 5 3 1 2 7 10 11 9 8 6 4 
356 5 ['Cabot'] 7 1 5 12 8 2 9 3 4 10 6 11 
357 8 ['Cabot'] 4 10 9 2 8 5 7 3 12 1 6 11 
358 7 ['Currier'] 5 2 9 12 11 10 8 6 1 4 7 3 
359 7 ['Quincy'] 12 6 3 2 1 10 8 7 5 9 4 11 
360 2 ['Dunster'] 8 5 11 6 3 2 9 1 12 10 4 7 
361 2 ['Winthrop'] 11 9 1 3 8 7 12 4 10 5 6 2 
362 3 ['Currier'] 7 12 9 6 11 10 2 8 5 3 4 1 
363 1 ['Eliot'] 10 12 2 1 3 4 5 8 6 9 7 11 
364 4 ['Eliot'] 8 10 11 5 6 12 2 9 4 7 3 1 
365 3 ['Currier'] 11 9 6 12 3 1 7 8 5 2 10 4 
366 7 ['Kirkland'] 7 8 9 6 5 11 12 10 2 4 1 3 
367 6 ['Pfoho'] 8 1 11 7 6 4 9 2 3 12 10 5 
368 8 ['Currier'] 2 11 10 5 4 7 1 9 8 3 12 6 
369 5 ['Pfoho'] 1 6 5 2 7 11 10 12 4 9 3 8 
370 3 ['Leverett'] 5 3 1 12 7 2 11 4 9 8 6 10 
371 6 ['Lowell'] 1 8 9 12 7 6 10 2 5 4 11 3 
372 4 ['Quincy'] 3 6 11 4 7 9 2 1 5 8 12 10 
373 3 ['Currier'] 2 3 8 10 1 12 9 6 5 4 7 11 
374 1 ['Adams'] 8 6 10 5 9 12 7 2 4 11 1 3 
375 5 ['Pfoho'] 1 7 10 9 3 12 8 11 4 6 2 5 
376 5 ['Quincy'] 9 10 3 1 7 8 2 12 4 5 11 6 
377 4 ['Kirkland'] 1 12 6 3 9 11 4 7 8 10 2 5 
378 6 ['Eliot'] 1 6 2 11 5 4 7 12 10 3 9 8 
379 4 ['Adams'] 12 7 6 4 8 5 11 10 9 3 1 2 
380 1 ['Kirkland'] 12 2 7 9 6 10 8 11 3 4 1 5 
381 8 ['Eliot'] 5 10 7 4 1 2 11 12 3 8 6 9 
382 1 ['Lowell'] 8 11 2 7 1 5 6 12 3 10 9 4 
383 6 ['Kirkland'] 3 6 4 10 9 7 12 8 11 1 5 2 
384 3 ['Kirkland'] 2 6 11 1 4 10 3 5 9 8 12 7 
385 3 ['Quincy'] 6 4 2 3 11 1 7 9 12 8 5 10 
386 2 ['Pfoho'] 9 7 11 5 4 2 3 12 8 6 1 10 
387 1 ['Dunster'] 11 4 10 7 1 3 2 5 8 9 12 6 
388 6 ['Currier'] 12 5 1 4 3 11 7 6 9 2 10 8 
389 4 ['Cabot'] 3 6 5 11 1 2 7 12 8 4 9 10 
390 1 ['Quincy'] 7 8 5 12 10 2 9 3 6 11 1 4 
391 2 ['Quincy'] 8 2 5 4 3 11 1 7 12 10 6 9 
392 8 ['Quincy'] 5 9 10 12 6 3 8 1 11 4 2 7 
393 2 ['Pfoho'] 11 6 5 10 3 9 2 12 4 8 7 1 
394 1 ['Eliot'] 11 12 4 8 3 2 10 5 6 1 9 7 
395 8 ['Eliot'] 6 7 1 2 4 3 5 8 12 9 11 10 
396 8 ['Cabot'] 11 2 12 1 3 4 10 7 9 5 6 8 
397 6 ['Cabot'] 1 5 6 8 7 4 2 3 10 12 9 11 
398 8 ['Pfoho'] 6 9 8 1 11 10 7 12 5 3 4 2 
399 8 ['Cabot'] 5 8 6 11 4 12 9 7 3 10 2 1 
